Omega=1.0
0.1 0.0175 
0.2 0.0399 
0.30000000000000004 0.0641 
0.4 0.0932 
0.5 0.1218 
0.6000000000000001 0.1649 
0.7000000000000001 0.2104 
0.8 0.262 
0.9 0.3275 
1.0 0.4182 
1.1 0.4182 
1.2000000000000002 0.4232 
1.3 0.4143 
1.4000000000000001 0.4218 
1.5 0.4214 
1.6 0.4222 
1.7000000000000002 0.4138 
1.8 0.4201 
1.9000000000000001 0.4221 
2.0 0.4156 
2.1 0.4285 
2.2 0.4236 
2.3000000000000003 0.4207 
2.4000000000000004 0.413 
2.5 0.4149 
2.6 0.4252 
2.7 0.4164 
2.8000000000000003 0.4148 
2.9000000000000004 0.4214 
3.0 0.4167 
3.1 0.4171 
3.2 0.4145 
3.3000000000000003 0.4217 
3.4000000000000004 0.4212 
3.5 0.4151 
3.6 0.4293 
3.7 0.4197 
3.8000000000000003 0.4181 
3.9000000000000004 0.4248 
4.0 0.4232 
4.1000000000000005 0.4229 
4.2 0.4217 
4.3 0.4202 
4.4 0.419 
4.5 0.4257 
4.6000000000000005 0.4198 
4.7 0.4181 
4.800000000000001 0.4168 
4.9 0.4253 
5.0 0.4115 
5.1000000000000005 0.4226 
5.2 0.418 
5.300000000000001 0.422 
5.4 0.4264 
5.5 0.4232 
5.6000000000000005 0.4178 
5.7 0.4233 
5.800000000000001 0.4244 
5.9 0.4155 
6.0 0.4263 
6.1000000000000005 0.4225 
6.2 0.4238 
6.300000000000001 0.4267 
6.4 0.4313 
6.5 0.4177 
6.6000000000000005 0.4189 
6.7 0.4201 
6.800000000000001 0.4259 
6.9 0.4093 
7.0 0.4198 
7.1000000000000005 0.4176 
7.2 0.4139 
7.300000000000001 0.4149 
7.4 0.4244 
7.5 0.4141 
7.6000000000000005 0.4193 
7.7 0.4206 
7.800000000000001 0.4192 
7.9 0.4225 
8.0 0.4251 
8.1 0.4186 
8.200000000000001 0.4259 
8.3 0.4272 
8.4 0.4197 
8.5 0.4107 
8.6 0.4254 
8.700000000000001 0.4231 
8.8 0.4174 
8.9 0.4111 
9.0 0.4274 
9.1 0.4295 
9.200000000000001 0.4227 
9.3 0.4117 
9.4 0.4128 
9.5 0.4275 
9.600000000000001 0.419 
9.700000000000001 0.419 
9.8 0.4237 
9.9 0.4222 
10.0 0.4182 
10.100000000000001 0.4219 
10.200000000000001 0.4205 
10.3 0.4221 
10.4 0.4181 
10.5 0.4187 
10.600000000000001 0.4227 
10.700000000000001 0.4234 
10.8 0.4114 
10.9 0.4216 
11.0 0.4236 
11.100000000000001 0.4165 
11.200000000000001 0.4219 
11.3 0.4209 
11.4 0.4277 
11.5 0.4161 
11.600000000000001 0.4152 
11.700000000000001 0.4241 
11.8 0.4192 
11.9 0.4216 
12.0 0.422 
12.100000000000001 0.4171 
12.200000000000001 0.4125 
12.3 0.4194 
12.4 0.4196 
12.5 0.4141 
12.600000000000001 0.4274 
12.700000000000001 0.4294 
12.8 0.4187 
12.9 0.4187 
13.0 0.4191 
13.100000000000001 0.4136 
13.200000000000001 0.427 
13.3 0.4137 
13.4 0.427 
13.5 0.4251 
13.600000000000001 0.4187 
13.700000000000001 0.4139 
13.8 0.4226 
13.9 0.419 
14.0 0.4278 
14.100000000000001 0.4173 
14.200000000000001 0.4261 
14.3 0.4137 
14.4 0.4222 
14.5 0.4162 
14.600000000000001 0.4103 
14.700000000000001 0.4097 
14.8 0.4221 
14.9 0.4187 
15.0 0.4173 
15.100000000000001 0.4274 
15.200000000000001 0.4211 
15.3 0.4187 
15.4 0.4189 
15.5 0.4189 
15.600000000000001 0.4299 
15.700000000000001 0.4222 
15.8 0.421 
15.9 0.4268 
16.0 0.4164 
16.1 0.428 
16.2 0.4118 
16.3 0.4259 
16.400000000000002 0.4207 
16.5 0.426 
16.6 0.4187 
16.7 0.4224 
16.8 0.4166 
16.900000000000002 0.4176 
17.0 0.4252 
17.1 0.4281 
17.2 0.4196 
17.3 0.4172 
17.400000000000002 0.4249 
17.5 0.4179 
17.6 0.4223 
17.7 0.4159 
17.8 0.4259 
17.900000000000002 0.427 
18.0 0.4177 
18.1 0.425 
18.2 0.4228 
18.3 0.4287 
18.400000000000002 0.4169 
18.5 0.4145 
18.6 0.4194 
18.7 0.4227 
18.8 0.4226 
18.900000000000002 0.4154 
19.0 0.4199 
19.1 0.4155 
19.200000000000003 0.417 
19.3 0.4203 
19.400000000000002 0.4252 
19.5 0.4063 
19.6 0.4194 
19.700000000000003 0.4187 
19.8 0.4119 
19.900000000000002 0.4151 
20.0 0.4117 


Omega=0.9
0.1 0.0183 
0.2 0.0369 
0.30000000000000004 0.0603 
0.4 0.0926 
0.5 0.1247 
0.6000000000000001 0.1612 
0.7000000000000001 0.1971 
0.8 0.2524 
0.9 0.3177 
1.0 0.3977 
1.1 0.4019 
1.2000000000000002 0.3959 
1.3 0.3911 
1.4000000000000001 0.3809 
1.5 0.3938 
1.6 0.3973 
1.7000000000000002 0.3927 
1.8 0.398 
1.9000000000000001 0.3959 
2.0 0.3925 
2.1 0.3955 
2.2 0.3991 
2.3000000000000003 0.3947 
2.4000000000000004 0.3973 
2.5 0.3871 
2.6 0.3874 
2.7 0.3948 
2.8000000000000003 0.3932 
2.9000000000000004 0.3931 
3.0 0.4008 
3.1 0.3944 
3.2 0.3956 
3.3000000000000003 0.3858 
3.4000000000000004 0.3905 
3.5 0.3938 
3.6 0.3959 
3.7 0.3869 
3.8000000000000003 0.399 
3.9000000000000004 0.3922 
4.0 0.3877 
4.1000000000000005 0.396 
4.2 0.3915 
4.3 0.3916 
4.4 0.3963 
4.5 0.3968 
4.6000000000000005 0.4019 
4.7 0.3912 
4.800000000000001 0.3948 
4.9 0.4 
5.0 0.3981 
5.1000000000000005 0.3964 
5.2 0.3975 
5.300000000000001 0.3882 
5.4 0.3952 
5.5 0.3995 
5.6000000000000005 0.3902 
5.7 0.3987 
5.800000000000001 0.3916 
5.9 0.3982 
6.0 0.3989 
6.1000000000000005 0.4009 
6.2 0.3897 
6.300000000000001 0.3869 
6.4 0.3909 
6.5 0.4029 
6.6000000000000005 0.3947 
6.7 0.3949 
6.800000000000001 0.3994 
6.9 0.3993 
7.0 0.3981 
7.1000000000000005 0.4018 
7.2 0.3938 
7.300000000000001 0.3914 
7.4 0.3922 
7.5 0.3921 
7.6000000000000005 0.3911 
7.7 0.3975 
7.800000000000001 0.3923 
7.9 0.401 
8.0 0.3891 
8.1 0.3926 
8.200000000000001 0.3958 
8.3 0.3926 
8.4 0.3957 
8.5 0.3989 
8.6 0.4042 
8.700000000000001 0.3959 
8.8 0.3935 
8.9 0.3953 
9.0 0.3905 
9.1 0.3878 
9.200000000000001 0.393 
9.3 0.3949 
9.4 0.3904 
9.5 0.4017 
9.600000000000001 0.3948 
9.700000000000001 0.3982 
9.8 0.3954 
9.9 0.3994 
10.0 0.3948 
10.100000000000001 0.4001 
10.200000000000001 0.3836 
10.3 0.3937 
10.4 0.3915 
10.5 0.3954 
10.600000000000001 0.3918 
10.700000000000001 0.4037 
10.8 0.4007 
10.9 0.3926 
11.0 0.3944 
11.100000000000001 0.3934 
11.200000000000001 0.3952 
11.3 0.3968 
11.4 0.3974 
11.5 0.3992 
11.600000000000001 0.385 
11.700000000000001 0.3972 
11.8 0.4015 
11.9 0.3937 
12.0 0.3961 
12.100000000000001 0.3944 
12.200000000000001 0.3915 
12.3 0.3986 
12.4 0.3983 
12.5 0.3885 
12.600000000000001 0.3903 
12.700000000000001 0.3893 
12.8 0.397 
12.9 0.3992 
13.0 0.4021 
13.100000000000001 0.3831 
13.200000000000001 0.4013 
13.3 0.3835 
13.4 0.3877 
13.5 0.39 
13.600000000000001 0.397 
13.700000000000001 0.3946 
13.8 0.3953 
13.9 0.3963 
14.0 0.3945 
14.100000000000001 0.3939 
14.200000000000001 0.3944 
14.3 0.3966 
14.4 0.3948 
14.5 0.3987 
14.600000000000001 0.3927 
14.700000000000001 0.3961 
14.8 0.3965 
14.9 0.4 
15.0 0.3964 
15.100000000000001 0.3892 
15.200000000000001 0.3913 
15.3 0.3838 
15.4 0.3955 
15.5 0.3942 
15.600000000000001 0.3896 
15.700000000000001 0.3891 
15.8 0.3878 
15.9 0.3968 
16.0 0.3973 
16.1 0.3875 
16.2 0.3849 
16.3 0.3927 
16.400000000000002 0.3908 
16.5 0.3964 
16.6 0.3967 
16.7 0.3911 
16.8 0.3903 
16.900000000000002 0.3874 
17.0 0.3995 
17.1 0.3963 
17.2 0.3916 
17.3 0.4006 
17.400000000000002 0.3931 
17.5 0.3914 
17.6 0.3931 
17.7 0.3972 
17.8 0.3872 
17.900000000000002 0.3969 
18.0 0.3943 
18.1 0.3906 
18.2 0.3993 
18.3 0.3921 
18.400000000000002 0.3927 
18.5 0.3935 
18.6 0.393 
18.7 0.398 
18.8 0.3827 
18.900000000000002 0.3959 
19.0 0.4047 
19.1 0.3955 
19.200000000000003 0.4002 
19.3 0.3927 
19.400000000000002 0.3937 
19.5 0.4053 
19.6 0.392 
19.700000000000003 0.3986 
19.8 0.392 
19.900000000000002 0.3928 
20.0 0.3986 


Omega=0.8
0.1 0.0195 
0.2 0.0377 
0.30000000000000004 0.0592 
0.4 0.0863 
0.5 0.1145 
0.6000000000000001 0.1476 
0.7000000000000001 0.1905 
0.8 0.2389 
0.9 0.2921 
1.0 0.3679 
1.1 0.3666 
1.2000000000000002 0.3612 
1.3 0.3666 
1.4000000000000001 0.3615 
1.5 0.37 
1.6 0.3631 
1.7000000000000002 0.3609 
1.8 0.3657 
1.9000000000000001 0.366 
2.0 0.3629 
2.1 0.3649 
2.2 0.3631 
2.3000000000000003 0.3674 
2.4000000000000004 0.3714 
2.5 0.3668 
2.6 0.3679 
2.7 0.3662 
2.8000000000000003 0.368 
2.9000000000000004 0.3684 
3.0 0.364 
3.1 0.3657 
3.2 0.3683 
3.3000000000000003 0.3697 
3.4000000000000004 0.3704 
3.5 0.3648 
3.6 0.3667 
3.7 0.3685 
3.8000000000000003 0.3654 
3.9000000000000004 0.3604 
4.0 0.3655 
4.1000000000000005 0.3594 
4.2 0.3604 
4.3 0.3776 
4.4 0.3641 
4.5 0.3645 
4.6000000000000005 0.3662 
4.7 0.3636 
4.800000000000001 0.3745 
4.9 0.3685 
5.0 0.3647 
5.1000000000000005 0.3765 
5.2 0.3689 
5.300000000000001 0.3576 
5.4 0.3615 
5.5 0.3659 
5.6000000000000005 0.3659 
5.7 0.3772 
5.800000000000001 0.3668 
5.9 0.3675 
6.0 0.3713 
6.1000000000000005 0.3687 
6.2 0.365 
6.300000000000001 0.3685 
6.4 0.3731 
6.5 0.3637 
6.6000000000000005 0.3635 
6.7 0.3584 
6.800000000000001 0.3769 
6.9 0.367 
7.0 0.3594 
7.1000000000000005 0.3656 
7.2 0.3635 
7.300000000000001 0.372 
7.4 0.3668 
7.5 0.37 
7.6000000000000005 0.3678 
7.7 0.3632 
7.800000000000001 0.3634 
7.9 0.3671 
8.0 0.3593 
8.1 0.36 
8.200000000000001 0.3649 
8.3 0.3589 
8.4 0.3655 
8.5 0.3702 
8.6 0.3666 
8.700000000000001 0.3657 
8.8 0.3618 
8.9 0.3641 
9.0 0.3716 
9.1 0.3683 
9.200000000000001 0.3699 
9.3 0.365 
9.4 0.3705 
9.5 0.3693 
9.600000000000001 0.365 
9.700000000000001 0.3764 
9.8 0.3685 
9.9 0.3628 
10.0 0.3687 
10.100000000000001 0.3489 
10.200000000000001 0.3646 
10.3 0.3612 
10.4 0.3699 
10.5 0.3757 
10.600000000000001 0.367 
10.700000000000001 0.3627 
10.8 0.3675 
10.9 0.3613 
11.0 0.3666 
11.100000000000001 0.3607 
11.200000000000001 0.3663 
11.3 0.3629 
11.4 0.3671 
11.5 0.3755 
11.600000000000001 0.3632 
11.700000000000001 0.3574 
11.8 0.3724 
11.9 0.3665 
12.0 0.3708 
12.100000000000001 0.3705 
12.200000000000001 0.3657 
12.3 0.3634 
12.4 0.3692 
12.5 0.3634 
12.600000000000001 0.3642 
12.700000000000001 0.3691 
12.8 0.3629 
12.9 0.3665 
13.0 0.3582 
13.100000000000001 0.3699 
13.200000000000001 0.3633 
13.3 0.3687 
13.4 0.3687 
13.5 0.368 
13.600000000000001 0.3633 
13.700000000000001 0.3642 
13.8 0.3676 
13.9 0.3638 
14.0 0.3669 
14.100000000000001 0.3689 
14.200000000000001 0.3715 
14.3 0.3671 
14.4 0.3722 
14.5 0.3782 
14.600000000000001 0.3748 
14.700000000000001 0.3709 
14.8 0.3683 
14.9 0.3623 
15.0 0.3737 
15.100000000000001 0.3701 
15.200000000000001 0.3758 
15.3 0.3618 
15.4 0.369 
15.5 0.3704 
15.600000000000001 0.3686 
15.700000000000001 0.3767 
15.8 0.3722 
15.9 0.371 
16.0 0.3657 
16.1 0.3592 
16.2 0.3599 
16.3 0.3708 
16.400000000000002 0.3762 
16.5 0.3595 
16.6 0.368 
16.7 0.3688 
16.8 0.369 
16.900000000000002 0.364 
17.0 0.3685 
17.1 0.3566 
17.2 0.3596 
17.3 0.3685 
17.400000000000002 0.3663 
17.5 0.3707 
17.6 0.3572 
17.7 0.3653 
17.8 0.3666 
17.900000000000002 0.3598 
18.0 0.365 
18.1 0.3614 
18.2 0.3689 
18.3 0.3704 
18.400000000000002 0.3631 
18.5 0.3667 
18.6 0.3659 
18.7 0.3676 
18.8 0.3661 
18.900000000000002 0.3651 
19.0 0.3606 
19.1 0.3593 
19.200000000000003 0.3671 
19.3 0.361 
19.400000000000002 0.3606 
19.5 0.3506 
19.6 0.367 
19.700000000000003 0.3656 
19.8 0.365 
19.900000000000002 0.3743 
20.0 0.3587 


