2.7659838452533565
0.3591812282699128
0.5426555096704907
0.5983860110622412
0.06183754708189033
0.47254773987228865
1.1690176004865995
0.5814742499976568
0.1837617164566784
0.7461850549284201
1.1162870836207153
1.1913960003933055
0.19242301052882935
1.1413170407213098
1.8380312073463114
0.089398189200735
1.7291403695135443
0.8358529556254546
0.7587448116605611
2.473960851041904
1.218780940394167
1.015762604215102
1.1754679337824425
0.43897052718003016
0.06866363784116247
1.0925397346383072
2.489444388529464
0.2662457073238516
0.2968656473951367
0.3986766785192327
0.9609772357828367
0.17903650681196173
0.11197036297922143
0.13497725846916944
0.10948817504884999
0.04414744568880476
0.506546471072763
0.8203140332265532
0.6889150493306986
0.03418261916182894
3.4764580440273503
0.34475168522216415
0.6363335407369894
0.013010914213011296
0.315253863223069
0.21323402460430743
1.766529006208451
1.274388633103359
2.442266630711087
2.3100604668188085
0.3663107760842892
2.4721783282796377
1.290706639191687
3.045330023418839
1.4947496713000477
0.033155345981295194
0.9362799264429569
0.39227108681193695
1.3407252439035884
4.627495817629418
0.9089925248092219
3.094993954823218
2.5991942200998017
0.014246627896500367
0.21017846438376447
0.0430255868490123
0.2433469865890854
0.11144610730999562
0.8099003916523643
0.5770873791511979
0.016680179851896886
0.5024279823331887
0.4687883914418504
0.9921437547393681
0.07347793618064037
0.37743471316561955
2.147798771064793
1.2427981166291773
0.6322810568835496
1.3436914492942391
0.035648502695850175
1.8607181193823812
1.2592772704381743
1.339911259281979
0.44537925789359084
0.9719288104373794
0.058786216412144064
0.24493851452384116
0.28777049244498215
1.897025404075234
1.050528195028482
1.0491426917213151
0.34201666935259534
0.2591663387944229
0.24655438797572699
0.543252501573297
0.029832768584487385
0.5891028658947091
0.7513213586040309
0.3775691980108853
0.37892531847818756
0.8522050871289183
0.08616660580580238
0.36346548612260665
1.0088174094028113
0.5226468739495437
0.49457154313204865
0.45260949138361767
0.09711419771523973
0.32556428882816324
2.285349889098912
0.6877976044018831
1.2150188145343517
0.6554417766104185
0.8907889238705509
0.5670496156849698
1.4531094391168413
0.35187201411207125
0.11088336571698854
0.07540967078861746
0.10485259027187108
0.872890386591135
0.38880829065836564
2.1628609935173917
1.0250368925365052
0.9291261948872332
1.259642377924001
0.2516391651016574
0.2906572639515856
1.464833573762657
1.3932404325370848
0.9927356293707509
0.34140009672372396
0.3693828832145609
3.1310340789226396
1.0765749958882964
0.6367962401933075
0.24488172208599127
0.733297214839675
0.8377886847388354
0.5683306620338608
2.271739129985506
0.5838341197616463
0.5934410969478909
0.43927977240919647
0.27598008639006716
0.12382852314598064
1.315620075790453
2.0085719834537628
0.3316633097266161
0.05829624947071079
0.048780343772384334
0.10360999573647812
0.32069489471798357
1.0454318296304104
2.2789842525192943
1.8105023908126725
0.3458986009929758
0.3238423387022133
0.5619872536885504
0.7025546114861809
0.5352093160895296
0.44909529388758934
0.2593485403438913
2.4771561340492934
0.8669338235755871
0.10402650871156766
0.35556548471494437
0.1992875078727642
2.2949548222658134
2.0719999825579727
0.1019608606090539
1.6386767376223477
1.4379783058501383
0.46106984270873247
2.0367665549134344
0.39408591090956446
1.5905205590709923
1.1074855600784677
1.4583812541675727
1.8259935472268407
0.7543073127864227
1.2100421287618328
0.8658117093755276
1.73654321470925
0.5041752060170668
1.089622841460283
1.1805976789941128
0.5996430349503462
0.5622570099242084
1.4026586832476808
0.8749664154706382
0.22761664032961798
2.530899675910719
0.3815377869561472
1.65010582236382
0.2953416771811397
0.8819018875877677
0.6550938936697083
1.1995017966375219
3.3078903243950615
0.829334374966569
0.35567039902753506
1.99579385908932
0.5353421771443841
1.9673494986768263
0.5388683218137572
0.4157605761033094
0.2509199382255274
0.3977853090560489
1.326832645280288
2.325911431176665
0.7026316263298158
0.14141872102953318
0.07747147614819727
2.2044163634243
0.7635654973851331
0.5258054852837017
1.2346253171793387
0.7305091350099997
0.18432954076048874
0.9919584560248562
1.874871105826754
0.5663846644252472
3.1244792652969675
0.8599247874375144
0.3034276589131775
0.6809598651454485
0.06067611872831188
0.4510714033405565
3.2119660277142135
0.8504555533255321
0.8796980013278509
0.5247164099536429
0.23106156127587718
0.032800813647671755
1.8832886144530483
0.15946785683190948
0.5446606906846516
0.9567538152435628
0.7043107205077743
0.03916811061020085
1.8178130535979276
0.06586540762018464
0.0034714089004265966
0.9453768025308609
3.1207285950315797
1.0598053221507875
0.09567650511638735
0.09742994563461753
1.992770822939778
0.010233654037206897
0.39524353782285854
0.28210046081174733
0.5356094016441917
1.0519553950974025
1.132152122570063
1.8154409170139103
1.7883052039693343
0.6498396873089545
0.5684772177743749
0.00974459589821092
0.9111784980186756
1.5371405725566172
0.9977185150169426
0.4515299490279758
1.849401832717084
3.205255215917509
0.632063497684255
1.1114260106753007
0.9574374935280737
1.41418717345382
0.13756305275399713
0.3751402317982051
0.1663428695410959
2.01241717799546
0.9218317436894361
0.7761660680517639
0.1806966114480483
2.671396143888412
1.0034320465514415
0.25888229466650964
2.61719890055804
0.028149138246726612
1.2301083789436205
3.0098977759880436
0.6943927133663395
0.5536674434141828
0.1438004881987101
0.12769873788798108
1.4292683132304527
0.30394795768366684
0.954343214806763
0.8523119157499239
1.0864635301790706
2.0650636023094355
1.3121805360635144
0.0684931336940824
0.443720634763772
1.758867172701064
0.871640086186016
0.3655169263764406
0.5179081325926609
0.3312740770995838
0.27336744812874814
0.7243619559886896
1.1830101410700935
0.2347255625513387
0.580156651678697
0.6493836449686303
1.6831606547319624
1.1544044011214802
0.7175495613712539
0.3980820334204896
0.1639108331692584
1.148086468321529
1.00279381035553
3.0462568789894373
1.0938310932090693
1.556807136811575
0.49527263439823016
0.8169438706800112
1.140318332747638
0.5690580953444833
1.3567910349895829
0.025887080297671543
0.32850370391170636
0.37097288281051544
3.4345164211159633
0.00020832643761615376
0.4770232755820565
0.8512265921530513
0.26488778332418245
0.0831007661324767
0.3318509168174393
0.5142173763812589
0.5282124096799107
3.265505788173267
0.15354247160341306
0.05081255348687418
2.5072574324771892
0.3865124991201123
0.31214614913161554
0.22149135761179298
0.1582111799693565
1.06153011070563
1.2607729969694232
0.14432159565240285
0.8041920824070927
0.026656667107007287
0.8027106362596901
0.38217311089507544
0.053135429889852454
0.3071977000897085
0.21147727111303283
0.5524693144680382
0.2084210889691545
0.008097501246920678
0.18548145091323961
0.6871544249190967
0.23859960640019737
0.4225943748309263
0.9301993793348954
0.7110020641359651
0.5294800401875623
0.3987879869478267
0.7749307423884549
0.1459174567646568
0.08280773739826444
1.4005092077006247
0.04998699470910872
0.21148995423083508
0.2510734295087218
2.6013447671564305
0.6759885992388196
2.349861159195355
0.7354498815453757
1.2833661259716425
1.1545516820936335
0.21789698071538502
1.8654725270913146
3.7801650461303984
0.02324734922281591
1.3904404265390118
0.4375906377947259
1.8655829012055776
0.08743893177804925
0.15281141205080562
0.6093999400567648
1.5206840182816221
1.3863879679771052
1.0569089524943804
1.043475246143033
0.39216805598947
0.4028715618646614
0.9927680446203359
2.5403028242992933
1.6388361450459508
0.6009961443951143
2.6194541906479385
0.07804886737191383
0.7741043551908958
1.3751327081876683
0.8115047454245787
0.1471722527874912
0.4706814713636549
0.7092957702246887
2.015639841792813
0.7085385535249573
0.05528416542816349
0.7394119184145912
2.3692397239527527
0.6796361222460289
0.4754479369505137
0.2630640277336469
0.3795007940005306
1.0648613722230424
0.22946558895476202
0.08221278559295275
3.4585871312097285
0.12241625486192234
1.0235927908311315
0.03026027920351524
0.6440383940944604
3.171042767005332
1.3565880061116904
0.728051582127904
0.6318207777594057
0.6385356160416517
0.839550829361989
1.077804949079988
0.690571164057608
0.6136037747391911
0.30452120982332753
0.36801995580250746
1.3906677582002598
2.1973542400603896
2.261629335941359
1.0112719891602262
0.7802581690134273
0.08127165711726804
1.0616498546394588
0.027046529906264966
1.1520176594266038
2.3724394790244543
2.0275304004291423
0.17103908978631743
0.032704120717641616
0.02820268985160453
1.070475457895525
0.18620076542246677
0.2903867913024432
1.1646160168584831
0.11915377185707798
0.7304924870113682
0.3407016394505583
0.6137356804874984
0.9624937895278807
3.7930247404725765
2.693210327579276
0.6568889364214724
1.9744738140275786
1.1993072216907459
1.494556376779858
0.35476355877297905
0.5743910629919876
0.013701017930052132
0.13240178249002332
2.3559888484638627
0.31181242833858114
0.45324906239926094
1.0751770528168474
0.31202040420908417
0.02063190289806915
0.2841747033149007
0.020589818913207394
0.03773430027120967
0.18002248246290836
0.13200760770716638
1.8245776940819618
0.1521474722572802
0.4610663255450661
0.32068143751443334
0.7262016938922555
0.7833081704837063
0.04723053573930926
0.05877985858992658
2.4072733404053794
0.47282002733757095
0.45231195595709717
1.6048583239674703
0.11841813488740188
1.2085137687870664
1.0004969511424975
0.06096526340594213
0.10390684976386941
1.9421916123230623
0.7447731199602042
0.1801510340102873
0.17785275512198861
2.5166353003683994
0.802128750972578
0.6446999981591974
2.0028220056159634
0.20654743812901616
0.8173750479378404
2.1661377080352517
2.916547915850385
0.4463489667242518
0.46671121261085446
0.792974610503859
0.31290237071831184
0.050350199644933265
0.14256710514093662
0.6483745303225055
0.1290756729302555
1.1320780349607136
0.6537719780655713
0.7388997484908418
0.6034805459010693
3.03514237964971
0.36936536137147236
0.30321716507960444
0.20789053891190729
0.6773983491739966
1.4500535127502454
0.46291886269002597
0.5617898410356843
0.9059461194969287
1.103579471193711
3.041363898461901
0.557451414625774
2.020397804386116
1.719557657225208
0.026092133226703767
1.7461384421286474
1.0807460782159448
2.9037057987178687
0.15136652512356708
2.1222278238967585
1.2615560890795732
0.9999557525681844
0.24580731989072585
0.47747834307044895
0.5264258751536084
0.14038148796770533
0.04009230945173488
0.6031255372755714
0.1994248669548716
0.8026851228095534
0.24515660887563073
0.2221245089928649
0.09097309140302746
0.3701165852521513
2.6293437094165024
0.11273534596636231
0.9776478109929564
1.0240466381980196
1.2770306064240033
1.8804712167235993
0.19844616186795377
0.6647721865712666
1.345679615739303
0.13171896267563682
0.12236918353906316
1.0945649449015893
0.22065430106214917
1.4105961579887796
0.26067347019244913
1.6144298356856828
0.11361594091488163
0.3048560126154082
0.8009223843652675
0.17169199074582112
0.7558549545611262
3.8150695374198738
0.023981262181642808
1.605239677815296
1.726815244798774
0.22413746427453787
0.574997843744982
0.044189075760813726
1.489145167002924
0.16609765437318333
0.06627437419193577
0.2869948265304669
2.1858701020665614
0.09765444040659493
2.0930081944822767
0.8510016543616856
0.01145465756081927
1.607708762885665
0.6595959495554018
0.5092591273190161
1.5942878978369817
0.19713327302232445
0.26945922508064013
0.11272263786428167
0.8041946101143242
3.348626990725746
1.3309831604685012
0.1688774211111434
0.5008899887320782
0.46523119722484085
0.12515657031965144
2.9911555435517427
0.9387125751097017
1.544164844520119
1.5859449927774232
0.0572832411693551
0.09279575490415093
0.2985813620571139
1.0098300144873347
0.4551623565264684
0.39146554607036693
3.5791096390580206
1.1734634362341514
0.1357315485609376
0.4009591608337999
0.09589580848742779
1.559215836023493
0.41125652028848403
0.9399318384383593
2.128620441821552
1.2121174044849012
0.19244737595618908
2.1401721994160194
0.8405874014251501
0.3214450690554139
1.6893296411301153
0.1586065413573094
1.465073574167855
2.460932502725323
0.7287178834960629
1.3211329635646374
0.4191981357650011
0.3198493676848959
0.21646479121176104
1.569257081736154
0.9836430222371458
0.1164429822223349
0.704660411805319
1.6519816022535805
0.5956804604234691
2.0220088330878085
0.5465811875488118
1.502712983052543
0.28051407076965035
1.3837911721451608
0.11431365025392339
1.0265541128652365
0.41171594393707567
0.394281873112838
0.35781029350622334
1.3628225287477969
0.77816556831574
0.03366471330765613
0.7392845219509832
0.29388593909322613
0.04657015573223072
0.17018242973425907
3.785852693974384
0.43599093692600194
0.7283845236677627
0.004599889679439409
0.49627781539454674
0.041963811264814965
0.9739895747824897
0.6388001416641956
0.5695595885797817
0.8977817683034921
0.6102025652767008
0.1164277017576673
0.03689921859683447
0.6884652302748029
6.161032043728694
2.6525178056985768
0.04489827645879978
0.6665499800492657
0.19872820426151871
0.03255714456032857
0.4199954871824086
0.4164234942823777
1.5271509916927704
0.001574758500229712
0.19182847148403503
4.886115591816757
0.7933357137314532
0.36849893706403425
0.07833622829205932
0.042802149576238104
0.3620658065627579
0.5367376592339359
1.2033924986054498
2.0966974777903222
1.5052822169426059
1.7159678129387061
0.35712547254431004
1.5655715173279758
0.29221098652370453
1.3805978958683491
2.569045003794553
0.1746431651044664
0.9963017179670268
0.716144062926613
0.5636510966088196
0.5161603560804869
0.22272421318110325
0.13961271790756982
0.4872891636518793
0.5510198846858716
0.8035142630540718
1.7814399989659164
0.4216142521670176
1.1073448110912092
0.26781142907648986
0.1272811977952998
0.29640827750082743
0.9884244686323171
2.029865648299711
0.6680170135991927
3.0738702845475507
1.119344174222542
0.2274552450616583
0.833807727294603
0.2400970664400569
0.45670254084960604
0.7925129789617986
0.24247936165329217
0.015756006215614998
1.3036278051219314
0.2330180247804243
0.465984504936938
1.7970068311604748
0.955994194760338
0.6146114878961026
0.6066237036614601
0.5585712417736995
0.9251649302088043
0.014559189559858188
0.6870653974466986
1.082562503219077
2.1076474938525047
1.881718753179885
2.269480357702255
0.12420396820900431
0.7440725512306215
0.7470526839800187
0.6489310007515394
1.7958666213241625
0.010088863297138545
0.07381243232931672
1.240111856232708
0.6343539267763525
1.4079766205347741
0.19309229592375693
0.6237308433137576
0.033469958853282786
0.8210708148768529
0.5969551789003457
0.04871649930244362
1.3546846992217842
0.8908074589709354
0.594154392293326
1.6367142900024498
1.042253299404316
0.2906420952436271
0.13998689749104098
1.2295505921731968
0.9417202887328041
2.6254845912873934
1.4957972853179329
0.6504805552510154
1.202578126046039
1.4241906160070985
0.16109016254509892
1.52491803446226
0.9360185456059118
1.0066765221676486
0.9982805180071448
0.6675192407933089
0.01030516270206513
0.48883504618934354
0.9544141747688712
0.8004780562553184
1.8905642491165304
0.150737042233912
0.7267349391691438
1.5334313917262663
0.1874409717347065
0.04157922728033898
1.1127206412558412
0.1868989605729791
0.971375153115913
1.1577035554068789
0.7078705998224218
0.5484543433044048
0.48977485958586
0.16211545050986576
0.1090039432631312
0.8212646112060369
1.3887851103227153
0.5007072064454664
0.9972724042541503
0.16461398682569195
0.7671355428612575
0.8545866985758016
0.6378249627115149
1.769265958037626
0.16462318951121593
0.6850152655185481
1.567695618198081
0.1599057816237698
1.887444078158414
0.908082212457458
0.4928829302136394
1.2864966489761502
0.26414687706916595
0.4261283896589924
0.2301180546083617
2.319571748916631
1.2550712558365178
0.1024007479543446
0.31696653415256915
1.9338221569947938
2.3832990351171066
0.7843287977379636
0.5709254746539674
1.6606772243455032
0.7763428703498748
1.0287069851185833
0.14513179376664215
0.5177792801040191
0.12804593440809156
0.8765181176384089
0.7543840349445834
0.27470576333514013
1.3708963545834651
0.06732849929734389
0.5324659519605249
0.12214422252223146
0.8663998839043582
0.9289611999027887
1.4149798175292785
1.338272111288161
1.002828573787372
0.09375877188460945
3.6963591520159342
0.37645918954887536
1.4636905095575075
0.3478141993110364
0.9530789656738176
1.347773321829577
1.4786920216948252
0.2736998296955672
1.0280350261559201
2.922543539403728
0.007805121280282147
0.8009602776222962
0.18720290504550066
0.3869835042239401
0.21915946017906784
0.13054445326752256
0.036809558285558125
0.5112557727478285
0.22290973193029107
1.5202560730419605
0.8972376098945892
0.0009933821199780725
1.3375156715778034
1.8687418743493986
0.9302809485425705
1.05939653412373
1.111504345630066
0.1521155722026546
0.7957678315890396
0.02382771330355286
0.23941702464771752
2.1411511464582387
0.22258295245614956
0.7333587627800364
1.5340928425160154
0.7169865551479078
0.5790267358328817
1.595131592020965
0.4947407630587541
0.7620766592121462
0.221143333962788
0.08703060409628582
0.3729889236489646
0.5540451821286906
1.050812225078158
2.4573890433473458
0.13497103584234885
2.1428023096058855
0.06752882568932482
0.3533097664238811
1.599748447464808
1.6817492324177854
1.4500141062549847
0.2684716016666512
1.0421012864526722
0.40726682612272913
0.023822321911854426
0.16126769089936027
1.094659341144003
2.343299773478627
0.03599801023102797
0.6977312298204656
0.20188816431024026
0.5330856699001579
0.2136285124820337
0.2940013559939929
0.020876971582896014
0.5955478334844393
0.17234194831772726
0.1946918544079962
0.34081555234233973
0.06464589774199356
2.62395609883688
0.9501750597293787
0.018170131462484848
0.023736768728979875
2.153355807932935
0.17419218659255906
2.9000666208644876
1.1611730419388662
0.5246460997253329
0.133087516023906
0.3514622205973555
0.5894141204010206
1.1042556403972985
0.07489559670542745
0.2436064567393452
3.3989281354808756
0.5842036881363094
1.4788630668550597
0.12615617100345194
0.07915997217602955
2.418892023965876
0.3515125852838803
0.17044647876591776
0.09242806756471424
0.06230413382828693
0.24307477410225536
1.8537340222492242
0.31431951743621944
0.8590063919406816
0.6733744506790169
1.3705410634850876
0.41761723669696976
1.7615025101588289
0.4486970555883786
1.9843621362321326
0.8583585480352104
1.5010748840375117
3.2579175906991473
4.068242872749618
0.8483363671814744
1.5597091265445497
0.3399955463939063
0.3105783666616695
5.0878440460424565
0.988609956468627
0.7062871450247228
0.08701654239481589
0.497058655785215
2.4499003659277325
0.04667530317871393
0.9833828246856554
1.2482700502799937
1.4441881055020878
0.250261937361841
0.14660381661160543
0.5188822155578405
0.1438427193213454
0.4794749714417393
0.6454136641613
0.4200516006687415
3.22983190772686
0.05884894160990709
1.0751346184116848
1.027888931637146
0.2943783954390236
0.153960645182588
0.8328733395655304
0.49808492921525954
0.060736863483538135
0.2026550310938802
0.23247007934103112
0.8928459462842211
0.8302105305968608
1.6712517482166869
0.05689030788854855
2.82245496253862
0.6747341207099087
1.3617911104176086
1.1552095039247134
0.7044800121866885
0.49245789748631824
0.07579264565908837
0.357996613264543
0.3562700405239101
0.05011130816478168
0.06722146549487723
0.24663650133780513
1.4484363297423128
0.5862800772402214
0.44505099540839543
0.2882690400247169
0.003549331798985438
0.00646359706163599
3.0430702217216794
0.8508172901598114
0.390628648021093
0.8472758379126005
2.3514855231459624
0.3165359703729945
0.1801169217765863
0.26100984512625747
0.897821651372778
0.5885691050621764
0.09898854483969681
0.58962981777467
0.670854350001546
1.089611054220741
1.4286686160865345
1.4186040051631663
0.4177623353037232
2.1244815729499984
0.018920403612790716
1.2201989655456411
0.6883653885779621
4.179304528837289
0.6608010806230233
2.1999400293631206
2.5870033667158525
0.4571083405983969
1.7984923913631392
3.3119185874660064
0.057872325871627155
1.0359949209530148
0.1661220020062627
0.21447942839767561
0.6065486146426422
1.4374090658289294
0.2444977112810793
0.10677159847727788
0.03242471400689327
0.17486046730429944
1.5805993396134932
0.6303945579617876
1.1775235001056266
1.658394671502598
0.5294405825578896
0.024508169063775162
0.6426280799522726
1.346050782231781
0.6086438118478292
0.5333757984139555
2.179355094803494
1.1377381618221454
0.4734887587166968
0.048022887320374866
1.4641431643002392
0.5585062865419756
2.2563641036160655
0.9881503233557559
0.9986857816155128
0.038005702994104815
0.7172164843026436
1.8079059566817364
0.7970962431857028
1.243872153661606
0.6679158958423993
1.5331801639048699
1.1042027350581718
0.0731309514625134
1.4773174714992439
1.8599372143010133
0.8058180522609104
0.2154344059195175
0.09911732850437971
0.25858140714470484
1.1867337706163679
0.39943485549045266
0.7565743884264492
0.33503394009984383
2.3436757460407334
0.4935080792046349
0.8660240316259481
0.18946041636483016
0.1842043695288161
0.42157389407410994
0.5917330288762869
1.4382559677165854
0.011423274250788975
0.9700446955282654
0.27578147145111487
0.4820213744492611
0.4738710611343104
0.7809165538915144
1.2719408385821678
1.7941940242046501
0.2293904813243558
0.4435328774610319
0.08080556752136837
0.42568153204234654
0.7025858481469651
0.2320641550878543
0.33902755276735697
0.9451589872699914
0.8353534293743646
0.6742631311125715
0.18810499512092793
0.5019476929794826
0.5829577422838955
0.536071471555958
1.8578386843911072
1.2234789795201153
1.757822769292354
0.8928787147404863
0.5863833353358395
0.9307128290535058
0.37598364194961964
1.276025293169274
0.5347341726743878
0.2228421544776588
1.1110605680837105
0.7103778545266517
0.5569166690866604
0.0132430248581676
2.7266184170993393
1.0298693990354395
0.6341265107720762
0.07051622964817947
4.293967355843805
0.4964738302404354
1.7220705542963468
1.053816047182813
6.285471986397029
0.8475173416746983
0.19974158418144133
0.6154285896135265
1.184244983310265
0.060033965715367066
0.0812958421793661
0.8307492828192647
2.2997207208794226
2.6330363315339964
1.2104272871139456
0.11437767797211178
0.9473507046365197
1.4050926332475424
1.3296583121108236
0.8925772594028252
1.2556628333810844
0.06781316401027379
0.7445179244157791
0.12342078153408896
2.7057070552199725
1.0339646964329938
0.5301533800941632
0.06729988709714732
2.2683270707228123
2.5871509116861002
0.3738964444065619
0.5232034160826186
1.1519332818636958
0.14263026655461236
0.9994862290597772
0.00936552115415612
0.3707124909974085
1.4916949345606016
0.31715171004013065
0.6079833268597661
0.8387435013756426
0.6121397279428783
0.6856221703198581
0.26620528460806203
0.6719878246241142
0.803135378694802
0.29675475031700005
0.21367819851627654
0.7923776873652675
0.46731208634531557
0.07686955686730174
1.1596677782303995
1.2350746457105675
2.591453642764693
2.972964945537356
1.4252704426195502
1.1265690583689894
0.17552387782712303
1.5946103109946788
1.2720770343742664
0.3197875351671041
0.632995002569871
0.15126586638950543
0.006486619275483977
1.076374680383279
0.5110417903776664
0.7119199190845645
0.5002904807917852
1.0996705944506258
0.47580846770337887
1.2350818090138294
0.2852564832568357
0.21268054266647565
1.5328839838257688
1.7499291874537426
0.23093988926918121
0.09747745058206887
0.6037360509267723
0.30075249949649185
0.09381397208712704
0.48123384769516453
1.2788247640005146
0.6679477592957888
0.02948180356332285
0.19728650875582715
0.02704524097737775
1.0211711320442751
0.0025367956949708882
0.012975925343365814
0.022782183900642124
0.5517665737002523
4.025691961393055
0.09120146882615837
0.13199044767098925
0.08451944206986957
0.11235274199083074
0.4208154547247599
0.6585160783552241
0.20445129492659822
0.014339493916253566
0.35133974202647095
1.338151121548613
1.7300820425581955
1.2627802779464152
3.105565032510544
1.706194688280616
0.3818315362447097
0.08776201895452232
1.2791446574150134
0.0972887946846063
0.45721891716758456
0.12010987647208515
0.7048178654970415
0.24340545170792927
2.8159366271230835
1.7419561947798021
1.5023458887143293
0.09956334971541765
0.3609197034658145
0.24729010047246017
1.1522057646406016
2.6721384918677398
2.569084480941391
0.18332887699556824
0.6674859944439477
0.9358353889135779
0.08143036944881622
0.5586035436332365
1.4412736049066186
0.12671521985232365
1.357516426878339
0.4623233804213489
0.6455830847456306
0.44607460600775245
0.014985066373964443
0.9314109510599997
0.1061796785779244
0.5652908054391381
0.37061069341693015
2.3967140960690134
0.7721267647233989
0.32071832927950794
0.5190514403805206
1.727480458688679
0.29883784590639545
0.3595379235547826
0.06293589025539524
1.7159927231549095
0.691284102083421
0.2675198173109688
0.033123034080576055
0.6766221346419807
0.07313454430493686
0.8024529952610745
0.9919928161423173
1.5016956300364495
1.140698908271564
0.857452709671835
0.03580847428787739
0.8727133609739118
0.4410700050329229
0.7550378305435178
0.07953649400509578
0.4765240195515842
0.32178824541095036
0.07460110000305864
0.6914585643356504
0.023266712777245034
0.6343209205954079
0.8236979583302939
1.529604109343647
0.3022244220648893
1.0030257551584
0.3052179567426471
0.4891209454868257
0.7240753157300549
0.403815034677388
0.21466030821569318
1.45347220475833
2.9501929867203023
2.169009837636785
0.36857332923760366
0.3060370332728349
1.2979994941770336
1.2244457770663162
0.6409464593715304
0.24784473889650221
1.0004623668646913
0.07242155202498701
0.21314601826558002
1.8947385771219765
3.0605535037495075
4.1656732624796335
0.341423426317034
0.31348116457091085
0.4746821096966417
0.056565539712126835
1.6340519181891027
1.586987819410161
0.3271714880749391
0.12261387418478129
0.8247010008118322
2.284056627843302
0.3936138257863193
0.40371436787673204
0.3218264435818804
0.05109334443079464
0.6637947679912337
0.1219708469430788
1.4136517874446304
0.0002520235693787463
0.04099094769902247
3.1485085033721742
0.9851250983201664
2.7986292587357586
0.5077304889802223
0.16657815390670105
0.5658622495557526
2.106390437873661
0.17470878146283478
0.28895513155092956
0.768804413491861
1.137164687446723
0.9116496678328851
0.41190451449385634
0.23386592320422434
0.7860138638678572
0.337218109292991
2.295947877453638
0.19629844398643198
1.3955371205735112
0.30389323669275076
1.591086849088672
0.9038841746318073
0.04014013888500003
0.11964007986517186
0.2632840120285013
1.8686433121683588
3.619594063036333
1.0366816296068468
0.18052526624878487
0.5559103487855536
1.9403462500057724
0.08085858272010589
0.01809299005029724
2.122107991057542
0.46167013267140095
3.001961978262564
1.4711283657768797
0.1918260116855695
1.3530964368987395
0.7851692444416335
0.44875770537323645
0.059747501431395934
0.189593687101856
0.4836870187013209
0.1307725272150364
1.2304795173399279
0.09578996658742636
0.5346699446957037
0.9561214834013548
2.4491178735396337
1.9259979451718796
0.97561451761234
0.7035405551428789
3.3746711005009966
0.5519709551689521
3.11477793464613
0.3987945786487735
1.839895061881822
0.09587585792731661
1.981022417288185
3.5822113734133314
0.8701780477965358
1.2229668994816634
0.09709682437861437
0.01143871650417715
0.5607914630529582
1.0159755565407635
1.4298459079924162
1.097875516455641
2.432391142981478
0.9030842031321784
1.4519715060037008
0.02420545028016021
1.886604944688784
0.31614764144162344
0.9515518507508456
1.6938516394791496
1.5201085952650024
1.013332144065512
0.1795230840670292
1.4533361020105302
0.6350449163792504
1.593489493822497
0.028323282510917203
0.17808394302446687
0.03203325024437506
0.5096630620252461
0.0314757774179308
0.13682241210766763
0.0485030490719334
1.8900241324003422
2.1488746748845493
1.007762683146731
0.6095604921226008
0.2435556270807959
0.2857264552356528
0.4404767051304054
0.19520875442742663
2.396670705102943
1.8519486377220817
0.26532167928234024
0.030827475860404296
1.5040142112331942
1.8561977964314498
0.4935331096146111
1.392722740345579
0.44293897276272776
0.9041200102275928
0.891990986378841
0.7281563258589732
0.36305058441638144
2.0108843064541477
2.4983511937394316
2.099188740715371
0.9678865884340407
2.7851473817316617
0.9454749417276032
0.12945184776732047
0.2555949141753901
0.22588833520760823
0.13445835042348617
0.2097516278724417
0.19652507182072143
0.6686826376745088
1.4598545913185013
1.8081758948076956
1.1621860710487448
0.46109198171512683
0.5594095473890093
1.7691390771500761
0.8049388462969469
0.15826098446512682
2.2531843075819653
0.29537503452097874
1.4651618172812726
0.07983768739912268
0.00198855926447484
0.04695628745108076
1.3921724388126329
0.6159082323176766
0.954881356117193
0.48349436468767804
0.10182854659782718
4.373398839649736
0.03017013772620623
3.1797957656642994
0.4932812830001687
0.5277493112258573
0.09518117570116098
4.021985672556381
1.1346203827674546
0.37954802460010423
0.37201753019763667
1.6169590435017365
0.066649075386264
3.667638177378093
1.9113762900303
0.46106676833975446
1.9474530929790472
0.8938482436813555
0.3243523360327893
4.533427086279047
2.023692867291808
0.3125725271451244
0.5863488994808479
0.2433581473025285
0.48589392239351864
0.6578709251237245
1.2029879637183887
0.6471774696319432
1.0491712490695908
1.886389225261063
0.12668032718305028
2.42525395747026
0.7298346342449763
1.4441443155282114
0.1264842018822121
0.08265088320282672
0.29403084965258075
0.4578101547502297
0.020972762584498823
0.06272587499294861
0.985288754794444
1.162056231348164
2.6934047516209847
0.9481053147051215
0.4144385020680334
2.7513108193831703
0.6701360428127274
0.9891306231967195
2.9384281490487036
0.5101981835200867
0.7684165945147955
1.6832590526264304
0.643022058622222
0.08754316999774822
0.14122275227932524
1.1640015430646662
0.3712390261716482
1.1098943888595942
0.19783121068665707
0.6420338366185383
0.6589302695021511
1.0298261549983598
2.20606224602735
2.52265195114748
1.1280800871915133
0.28621443581719314
0.5252667982294781
0.10791240982423987
0.21049202385813695
0.8538482769963022
0.48857261826216186
0.949090009058837
0.18805892731298282
0.4712360705801328
1.1311801709499434
1.8325272498672498
1.3735130811933471
1.9042890748852777
1.0764588218994977
1.1025986019872036
0.91138947027945
0.796237269432752
0.22519950972298483
0.6322668510761571
0.3912634941476415
0.9297310772125447
0.4094932445895379
2.6310968012960823
0.5087181316694651
0.1082173545143962
0.790527929449147
2.5122306386481617
1.2024049411134627
0.7375169626030083
0.7855233683158357
0.2092384128017235
0.23155464531062203
0.1864081203730243
0.19257042111723305
0.022388580076963874
0.6990415077641949
2.1452998707275444
0.057920767477605904
0.3472519928194407
0.8984420811192776
0.0027739456519245208
0.4072095144035075
0.691738992970948
0.18598033008970966
0.4963643859345055
1.301917776353398
1.8329101880696899
0.15441095864853585
0.7098375703566389
0.07218761023275316
0.5872861602193493
0.09159540569014094
1.2277704624868564
0.2305620089753131
0.3113247855542662
0.9266148896281464
1.7207958473898306
0.6573951953370674
1.7727428261534128
1.964162402283389
0.11015472141238737
0.4516133302988083
0.7389830551206154
0.7882357396987799
0.02117429123931769
1.7658983612330186
2.1273356723068018
0.7831618829745748
0.3654950294065161
0.3821475683617355
0.2947512543930666
0.07195563933006213
0.3848638596516342
1.6546255763058446
0.20060757968687462
0.8740109582387576
2.891950529404484
0.011435046956399457
0.013638279829909769
1.131051714541745
0.11582210539684948
0.5145856363582595
0.9032465947910796
0.051153253913832554
0.25993870286403786
0.16077924973715726
0.07532660818119455
0.16629121442099168
0.403372923364899
0.5428460076650501
1.5875486770749796
1.2843982153905618
0.22982329534869098
1.5999536048937868
0.7998943466107561
1.2230088699568011
3.222139444489431
0.6727376773272683
0.16204843542042568
1.7285866134232886
0.9625385465431255
0.0012783128581968116
0.8515433528284098
1.1173623764928466
0.11205244359628488
0.41916137034889533
0.8900781805225977
0.6677491844119368
0.2008157191122993
0.21221502278245674
0.735792173172226
0.5698145253798348
1.1188091175891988
2.089114198151418
0.01216538822622575
1.1168399556932314
1.1041189443707269
1.1555982273232126
0.012640878309342764
1.3573114050581179
0.6943830624584488
1.4006276207140185
0.1628945733402647
2.106489703772821
1.6683759330318833
1.0286265448293008
0.41997228826306937
0.4098466142939555
1.155298557068604
1.4639395584705166
1.041545121221709
0.4497327014467611
0.5560670893468985
1.9869036021370774
0.0773060502949486
1.3462215035006724
1.4049351591417034
0.30207740174697506
0.084668337724477
0.15969816105711013
1.2691507999526908
0.620605061601705
3.6203874497259054
0.7070238616440394
0.14100557737679628
0.13045293484754347
0.8166837021399914
0.3814146056195794
1.3768664413664113
1.317486387544579
3.128360299589045
0.8087917296056859
0.6202749487762412
0.6252515871622322
0.966299557830902
0.2833246811492443
1.449566407050855
0.3069563787481577
0.21254005700483866
0.34766244671307345
0.9831502387992099
3.8803422222846606
0.9901993711675264
2.303173384579451
0.6638564184731395
0.0003548492665596268
0.4655241665061543
0.7642009113210666
0.5578299062639032
0.5379451905215009
1.0802433314617432
0.7120018331019511
1.6091352947338873
0.013289350756019717
0.5058919385695909
0.14981523099183885
0.16022739352353532
0.1414529705372217
1.5152914458845395
1.8718343193148983
0.00849475961240839
0.053187888721657056
0.5069470468103557
1.9817881109440187
0.27215799129446605
0.05463209602733634
0.20329579190949032
1.1514056801939092
0.16485942110724933
0.5957433168148716
0.6777403565557898
0.3550160055106722
0.18617061887777006
1.6528845642238592
3.2953507907007027
0.15773375164827363
0.2445608752870713
0.12766122123554408
0.2630699499683671
0.017141718501335102
0.5488793264492171
0.3844614925907657
0.36092229873609627
0.2762761779696988
0.2339418592339019
0.6397100963004183
0.02763476794411997
0.1519030136379445
1.462166910335616
0.1295393651108507
1.2396146077702392
1.0745431491652035
2.6170315551350245
1.9919168610623272
0.015262944524940815
0.44262067550567
0.3506601045054901
0.48666778371856767
0.06156017417310584
1.8855197256180327
0.031550706488161405
2.720612641239192
0.6282124278239529
0.31669165650171
0.6643822521796982
1.248739156243738
0.8802907763331559
0.2695363914681802
0.04908660598497442
1.4361082660178035
1.3768704768558941
1.0863820661837893
0.19839894424655632
0.7128465818642551
0.13526951932257886
0.19870259618459446
0.7421478294496386
0.6554035921902497
1.2985026335030618
2.3383663509987116
0.5032900298888616
1.1696951371359745
1.937801385647985
0.5500385105870801
0.9907941948774333
0.38279209885195414
0.03995857281654288
0.5156196314457409
2.3640160174215965
0.10850452251711169
1.2670744395757976
1.916659771889427
0.16288291549315143
0.09754287865151753
0.37247727479236115
1.040747546651132
0.1828037746275001
0.7223690718736855
0.45042573815964587
0.1664432138438584
0.11562850690551152
0.6633129336527424
3.1417870575622344
0.7591051452911289
1.0374606219881157
1.9886211889984304
0.8494100248415886
0.8715505388548406
1.3659324998866338
0.8417294341611268
0.7491385643412983
0.10636003032571884
0.1938891619676687
0.022058806599308377
0.41270646256165816
0.1891852190049356
2.516219402136369
1.6804710244741259
0.09619042992500017
0.7250555947471837
0.1108313458976587
0.24997542164724054
0.22058791696012137
0.7140655349153833
2.195076581295984
0.19781031744393215
0.005456471137617138
0.574855753964541
0.7172522582204912
2.0129542392475903
0.4199774860963512
0.4574879369627575
0.021247877276297268
0.1850614094022831
0.024953366035774
3.721192235115091
0.11340743938566916
0.5494760593868432
0.17061007742649656
3.0161346910192917
1.0213379092438009
0.8138684721072947
1.9519420605617128
0.20009688406301052
0.30055478400948954
0.5647684297238149
0.6450923902521407
0.08083487151633474
2.438259675021336
1.1997587542937318
1.2059398928734875
0.20391659354386274
0.267945377249383
0.7007975483995108
0.14485203180067316
0.1685049410486948
0.004130701370195449
0.05808645333523368
0.06702796093398747
3.5084860433555307
0.3819625916990052
1.1094281948854692
2.950808523670549
1.4154467325641382
0.31969651823509865
1.1550211101127688
1.8001690786441573
0.05629564180165712
0.02822549577295526
2.282671528255797
0.28436946606409486
1.7324570895444247
2.1093089575231296
0.05006177566362259
1.0850941452105611
0.13929631241417625
2.7832722247675155
0.5254256747385081
0.4450924898607924
0.14772685195368204
0.5363874802923992
0.6781891815664527
0.044745696503540676
1.5312288155730114
0.5597448643444869
0.45593082535361873
3.200031425025782
0.3168709699300255
0.033525021502016916
0.817898229169438
0.16935790280327967
0.5049788877258351
1.2381888985224212
0.36416756948659396
0.9044495108067847
0.07833139913313848
0.636381296174784
0.5379806791713162
1.3318403699354815
1.7017265713738832
0.4523857498296189
1.0210557276464023
0.11418983481335297
0.09662456265754
1.0181513770219726
0.21593543285733846
0.4942248939138291
0.5800588391984732
0.4148706684260261
2.456592534930206
0.4261377396215555
0.5828548576700966
2.565621091843162
1.4549883724247716
0.6417685185718423
0.9644492689981766
0.09842435812377538
0.5099900321324308
0.20416505283913308
1.7428215779690786
0.22891032560900748
1.3350411816813876
0.3290877478671404
0.4691416914604903
0.37179232001722673
0.48694045624636034
1.8426604284461074
0.39488524904523636
0.5226939371161408
0.7979631629471946
3.7327031429695627
1.6483191623885167
1.2220561559407488
0.4970429679728578
0.024288845828067413
1.047780207059286
1.3247002258000011
1.1334075259933525
0.369163163581003
0.7281222081428773
0.15252478936370245
0.06645256057818087
0.5707163189527736
1.2363795933939195
2.8467342466332735
0.22528965718792837
2.4009785953384357
0.593720451841412
1.8533102945642743
0.12104204036381973
0.45637853582890264
0.8302478035512023
2.0261179921375194
0.47400609345441697
0.028797337897522847
0.6287807303060267
0.7260630435042572
0.2558611883908068
1.392925970968453
0.7908213640935032
1.549145045284317
1.8676517599173494
1.4670903436542504
0.1480532938562758
0.8148335831950213
0.6208616381275083
0.8059387551636874
1.060230087335404
1.0296465121703364
0.5840938453332419
0.12257549222635103
2.968562686848225
0.04128852196288779
0.9141275032878408
1.873138808539612
0.17898439173075087
0.27124986975474863
0.15766845843489244
4.310524112753605
2.695371579975821
0.3799533036119551
1.405670343068189
1.0973663223430217
0.1348308432457369
0.5154605861357088
0.589150255132857
0.20317761566588013
0.7022762572065311
0.41530890522867997
1.2381037643698198
0.13457262700804
1.4839185127320889
0.06158326222633514
0.14852532477492195
0.10359369003482692
3.5106581696633845
0.54152220921446
0.2364238479983908
1.12135122095137
0.5087432558487519
0.5336327528778548
0.699371953996651
0.8354926800861331
1.7670373562405883
0.22975257984982148
0.0333359991374023
0.2846896735552968
0.000863216105903125
1.4985291807275805
0.16307114696130703
0.30547393635879105
2.1890124759602756
2.442681025583617
0.30592110261328864
0.1265102342085902
1.0012590722895724
0.02964559498085709
2.326959994235296
0.4685867466760896
2.22506195815855
0.6277131460370616
1.7612115584734842
0.018071187591420186
0.18930344203806954
0.018591749470812144
0.7766800463421576
0.4195226463772659
0.17639565807645127
1.0243582401035185
1.3681387058212093
3.3739468149581575
0.2892648667611009
0.13320796385733558
0.6886433669117171
0.5255213809728406
1.9571339002952743
0.15290887132406727
1.495021747628438
0.6709203440722812
1.6944911552710347
2.1952535967800753
2.629869613938862
1.4499847075337269
0.2587487980418544
1.636755220473701
0.8341095129101672
2.364413117124866
0.4714039997731967
0.37175493495347006
1.2431002958807378
1.0688887891983694
1.4927077656777061
0.5674304963337238
1.2926829979021712
1.2593082602528534
0.22042695977515728
0.9492469935928378
1.430463455406601
0.40896004988914764
1.1020424927356953
1.5479029250601393
0.9622162229151113
0.06509079406579642
0.1614350136853105
1.0708022763254268
0.9346551440565634
0.01814715638784339
0.8402798580385236
0.6738752622894653
0.4056984399950287
0.08003713848149448
1.1875368943357432
1.430668157967381
0.12917051663271872
4.110604303060232
0.5026104321534669
1.0116922914447573
0.2707702761107285
0.07658672978971375
0.9327610064091717
0.10013812975396577
1.0056949365423145
1.9253175512642304
0.24271481325547592
1.641544596421608
0.00702665296594223
0.4696863810102747
0.01948666223912946
1.2410968257792818
0.9369980951685988
0.09717072108326567
0.22338103305747284
2.4866015105693173
0.28132319788129206
0.07490990459553343
0.3655235071459011
1.5746519866299744
0.6413371377711128
2.4963987241521
0.621912007580363
0.25938935704579574
2.0338057201707023
3.9364742070424796
0.30912940209531264
0.3294678294350893
0.9073584210644134
2.1371278976529835
1.0846126833968541
0.3268385088630309
0.15844397372179572
0.3530158609819107
0.15209485460901961
3.8247300681803433
0.1621495052369932
0.7079132856517208
1.8762170391084294
0.01814351778940636
0.03903600231163976
1.2073247918085979
2.2456953450145907
1.0845609970951096
3.9815523491696814
1.2619633531916539
1.373018465666491
1.4029694238600152
0.17652493923862267
0.8316079903408509
0.5149806642587601
0.09451787833200216
0.037490229277315185
0.5568874414882746
0.818889135661002
0.4787020488906113
4.013862344555228
1.5719039541906572
0.4347239160664767
0.5633389742901524
0.8217395109830107
0.23852514144912923
1.3390667667634628
1.435790309718293
0.14383746173521317
0.4883918121337665
0.3073993076112251
2.0946300065101258
0.4221489122207057
2.658464638807297
0.0014352950503520236
0.051930457496407456
0.9141321033065601
1.6714984295791102
1.864606919235877
0.3709867054658693
1.0584217850990882
0.7584096054792193
1.2893691537458676
0.3686178045393731
0.5525960043593545
0.48901134503042065
0.5136815741151786
1.210525459097807
1.2214152262921931
0.17795528948259692
1.5095498954516744
0.7951288537376296
0.2534156725755208
0.33267783759719477
0.17262829964932846
0.42541711718526065
0.8331147298833359
0.4996289875747309
0.7050302216801031
2.873135926210992
0.4424376928723651
0.4145339321990742
1.3964093953893528
0.21704659750692318
0.526670004681079
0.880326225338923
1.8475732825314743
0.3578121667714069
1.7290341501703987
1.1941551865477493
0.21090323110886944
0.5020600589164734
0.5102149370701033
0.8311537984422962
0.6546060939096735
0.9250596325374171
0.06587100443738624
0.49153802098086796
0.3657193202438213
0.839952637487934
0.11460680650150115
0.7232604227940012
0.09881867390976036
0.02559920717466669
0.36559863276909255
0.07225378539598973
1.168720581757815
3.5601098550334935
0.8386932262022639
0.1723808148802837
0.018069112059032853
1.7481182532238564
2.8290338556166175
0.04289844349189643
3.0456368406026875
1.9061387000783543
0.11612066035037458
1.0735248201973393
1.175262186058255
0.1630269211389686
1.1218230651539405
1.3057301183175494
3.0855537212593633
0.03821310824814364
1.2939930173289205
0.9521594549664104
1.6002910010646565
2.1148269260923884
1.1127393565931172
0.003171164239800779
0.3945941990280282
1.2887139509284478
0.28300771465348656
0.6354725921689125
1.7447284366615603
1.9521671381943109
0.8097172004984775
0.33838695351376485
2.182658083605755
0.4513611770591691
0.29148465064977014
1.521450395494408
1.4572813304702235
0.1414663578796335
0.7226235638784555
0.8450572847733234
0.03949958441303344
0.8972377773112922
2.7920554034639724
0.4713505073223194
0.26186479245578387
0.4113324036211662
0.37030769468283087
0.028182154989061237
0.18173819310033407
1.9082572709515042
0.10157580718723311
0.43912773108826775
0.13910503258997445
0.20049123987331002
0.5163788412699938
1.429589410013375
0.6978652189720155
0.17154641594966966
0.729357969732361
0.06456429579330607
2.4986950728404898
0.053933055584209556
3.3171244826295307
3.2394158188430864
0.5854408099939026
1.6909262696251983
1.137978236118386
0.009241698299443659
0.380993044549442
2.8354032215873826
1.3210071347389374
0.9516571008105993
0.028510481684692248
1.1743966920020261
0.20401462156918884
0.4157566403229625
0.9763794718639032
0.1354524721520159
0.17011940183402588
1.0094713533470656
1.5988208664134718
0.1653472787494526
2.2574588375112663
0.7635891533880352
0.714905938061551
1.3516796302445389
0.3123993656510577
0.41655740990280404
0.06660270200354837
1.2584822488985332
0.8959282761911807
0.637080335768357
2.7924355853515097
0.09352305732229316
0.18464363088188535
0.4185779093214446
0.19399290771336528
3.227566180784867
0.21323450422179377
0.45479366850542297
0.7527657811266121
0.5025962441279072
2.0102491378354808
0.9728266810610838
0.5588531387406094
0.11432523351404558
1.2521080229051387
0.7653317590157056
0.7920046941194235
0.26021894887493163
0.09337119913206293
0.09508184822258113
0.6329494225538583
0.19090387055054153
0.001980687452482059
0.051271439274345874
0.07731276866969859
2.991345043329274
2.1923877816749
0.20835160304073466
1.4560831714598366
1.58011166362069
1.1621087639867376
1.4328452750904088
1.1704255697565646
1.4857459514180347
0.04614984760352389
0.25073604069524746
0.9461403772007277
2.299914805433636
0.9785002171421047
1.7839589138122638
1.5033072478716227
0.9497173081842765
0.5286258459853791
0.8168294501900614
4.170294350547021
0.40345507658083635
0.8552867743785061
0.24367486829908194
2.104410791992412
1.529467530671969
0.31929631178098583
0.5599340704234723
0.8080258171065112
2.665449082901244
1.026667990302925
0.3021429861784644
0.8058066370136938
0.41936863402501057
1.5824507530703935
1.1549823743976346
1.5890039640393565
0.04799081277914909
2.1714240792390047
2.133327175775388
0.7348916586395808
0.5181984055306095
0.06279076123502772
1.4529258691324218
0.08397430245547725
0.3238820188254243
0.41306594397555707
0.09254797760785487
0.4885640392096664
0.07577491869945834
2.06936185258795
0.6188922611487885
1.9519355207311038
0.02426842947274098
1.4688141806758221
0.5610774384618041
0.4262650135549055
0.4474327892978586
0.14428963261760003
0.7956451788878609
0.12500626478658308
0.8323227460067577
0.013966157757666825
0.7741927831168169
0.2372391836529518
1.4066141340803044
0.38807053177425604
0.01905817223220363
1.0005252569720322
0.6446795139270378
0.05487225959505995
0.8371116967671367
0.014105815101722652
0.05698323320486108
2.667572689028911
0.23294068147352923
0.2149562114604373
1.6650352217513567
0.15979533804970747
0.2447745131909907
2.704745097829547
0.034892799934543854
0.9436695330090825
0.6780485672743273
1.6811968592762803
0.796177646451384
1.3467527853544314
0.20568610247533106
4.612332091091093
0.6337390799378597
0.2583062894706611
1.5680887460883948
0.182041564641025
0.17201072368065692
0.20811157617474413
1.621045786595302
0.9919945436241655
0.4034469837882193
1.6730519643833834
0.21487831379135144
1.9594592370271557
1.3264042686054616
1.0168069286902826
1.1863856327782267
0.6696300903087755
0.05716940967042119
1.0162427226692814
1.587743566901613
0.3439118480403155
0.6885075010301284
0.3099548021468801
0.5194371913250877
0.05395011077489019
0.27489128021496234
0.17821246212337444
0.19830485264778575
0.07882969489266359
1.2154328683896654
0.6871790760493042
1.2287633804320421
2.22585664372531
0.3594868596371702
2.237083006340058
1.1992793854144135
0.4040981621175641
5.255954042186407
0.5177413643075931
0.31772600690128816
0.22015361874728076
0.28820543159258677
2.2266906476000368
0.014552311073865088
0.03476690243792922
0.916082931709332
0.2093126394811693
0.43196526140563685
1.9724550222121735
0.058369495258677725
1.5095314311267067
0.707491080603612
0.15250745498075807
0.5695691574713533
0.301777824067427
1.31591371790331
1.2312170644599727
0.9857470113615193
0.6092402781801665
1.049579904989839
0.12380815342407574
0.5943763939541093
0.828653506937428
0.4730767834103251
0.0402554264301293
0.37709193969610233
1.0439075462665839
4.322578822455524
0.3726394256857185
0.5262902869433942
0.9575731973344306
0.025698096539676696
2.4246530330418645
1.9715447467173721
0.5964494482821755
0.25447713881231715
0.7156272101431003
1.358465630371105
0.7318766655838442
1.104361392598878
1.449138501136541
0.11189199168520092
0.1432954930201958
0.2162633063429935
0.5022926548294887
0.6829639446951951
0.11714377796884931
0.390480439639032
0.4019617136092848
1.268505385392048
0.3309717253484253
2.6305123506571113
0.23048013764458405
0.9785957312129784
4.208744710158331
0.3512711127851742
0.06639818445829415
0.5620137833015478
0.22708326244916002
0.5816207156051051
0.7526461202577013
2.745277749596737
0.304392822618225
0.18946198872223294
2.3077841634859744
0.5241863543562504
0.7105140247557367
0.3016153340455798
0.4266560318983115
1.7811727365503658
1.3670478213422335
0.11688174276817183
3.126055792157475
0.0888458935745335
0.7029248372061028
0.014900144604405025
0.6137975374707348
0.5313361485797846
0.053512849117435576
0.30596895080467673
1.5175331822896612
1.3694438161530829
0.7839912982715835
0.6871690253980206
0.09476276470237024
0.4343199312459927
0.40628323337732664
0.5715154149405482
0.21470106114673204
2.1296236761870886
0.4014613248535651
0.3872697707863529
1.0844058023308494
0.309684044807396
0.38777576602602654
0.7953225833525497
0.7858167053656036
0.2202742422127062
1.4496455790224203
0.011206949420722591
0.3322858943585321
2.7447046929366112
0.10040176059636297
0.06777117991934635
0.24296814835739072
2.140126889413103
0.1711886873454814
5.735298553127397
0.32744918790351935
2.4710453110948833
0.5535227709406659
1.3694665507335002
1.5691311138885125
0.1922115235743441
0.15082438714205781
0.5666758285301903
0.06955385674087781
0.1393469837565606
1.1535410355413886
1.7275329496885403
0.10846860796189528
0.24637760682026433
2.7164002461159686
2.571160755232073
1.1695522214154774
1.4294069259682458
0.24001859803172948
0.31053396141354395
0.24216488238571837
0.16579602867859913
2.481178542249525
0.33577123586402013
0.4549541739095927
1.6125608801983482
0.5573407276495591
0.22394898205906716
1.4810686536346294
1.1195541435942498
1.0101059686648515
1.8823209837175565
0.04298135244873903
1.5678785347132813
0.399969698086397
0.48990316170099807
0.5862466604403856
1.025688956569121
1.6269561922768099
0.009347789928819303
0.35086233366886843
0.9678470780643209
0.19227868170663026
1.4305215547051366
0.33677642514589806
0.8623570582984572
0.960232470870619
0.5363829292630578
2.19590311521692
1.6012573941050299
0.46043279164185935
0.33302239868655603
0.2701126318303694
0.7857331239010636
0.15676239000727837
1.1242338119587336
1.643812924962886
2.0304293881163598
1.8052395315408984
0.09567591978457056
0.7986448194541965
0.03668263200720045
0.9419433310701513
0.9103370204001392
0.48603455382574134
0.5334864402488118
1.0195157043394028
0.7950394792600197
2.7877463757312575
1.294156523461052
0.7739422320845367
0.5475892269289281
0.057721316696373176
0.09367246352047745
1.563169398168867
0.5102359252344218
0.5031449300741507
0.5557978048396005
0.2535769093252152
2.582730442599904
0.12203147264781479
0.28181823709197823
0.49811966184362366
0.08377678186635358
0.187777372386616
0.5044959345660003
0.12918029932716352
0.5667087689217982
0.14505920304509745
0.7385385450632382
2.073252342138666
2.3006230809731933
0.700725813912274
1.2900887910768852
0.6483368192214896
3.1728205827624887
0.008313616379554842
0.2841510242048863
2.1184875843765987
0.5664618801669012
1.7212848132185565
0.09031041566681441
0.6326708776501588
4.956206403183276
0.9542930229513988
0.2630192435588103
0.2212209851974853
0.8215669713386883
0.40556035387845446
0.6682818632387104
2.000867792425648
0.24046853560180367
2.5084474172957387
0.22030833603698968
3.0557362172780484
0.507455842819964
0.7193481035968874
0.43718502686048744
0.12076608842402271
0.015331242809037603
0.3075403183848793
1.1876457218150849
0.7134568399414862
1.1507636069927696
0.20425885041898928
1.4929229326575006
0.5910338152069285
1.8417307071462217
1.0908666295132339
0.1817291963697161
0.8386300552774604
0.11297499996292124
0.3490117498328669
1.2480176246261605
0.9645438832522706
0.9038480055446496
0.6905382154508222
0.9376637357670113
2.6994258229842836
0.18838186937624202
0.17162785260704272
1.0003863763855
0.7259501879390078
0.1756111636743617
1.1308080759143915
0.14325904222163077
1.504513506977879
0.9749650740899852
1.2331673025056815
3.072790492911773
1.6419764903460918
0.6162346242313751
1.2277960025890005
0.04444368446818055
0.3207586424826801
0.03088165950888816
1.676489232977981
0.24879753208532293
0.14891643593653842
5.106972863269296
0.8293856214841496
0.06070021094201968
2.128985167469557
0.7206620028502014
3.48171400849081
0.25535312123693893
0.650757664547335
0.8029643314930354
1.1881569923838033
0.818634898769436
0.6881306024328939
0.14993544431677214
0.8327902400118922
0.43659997107318516
0.6861491261423605
0.12816939836728491
0.47048527602076695
1.3556666414293104
0.9386336331091721
0.7326712637347322
0.5803741969394517
1.0010264200618963
0.931106569310563
0.788655764323191
0.025437722983369118
0.16225857190062998
0.11026340634197669
0.17030314034435978
1.9306933746724881
1.7352464467537254
0.05321091514098838
1.3231232557020036
3.8647130440522726
2.126463127800198
0.20472873804628508
1.9677762244357833
0.042861055506412414
0.6259610964181838
0.4011006945821321
2.1342046266798382
0.7229296677249352
4.139522497689461
2.6263082822274044
0.8971452357447467
0.6986015168364554
1.3504351919218869
1.2679369805749967
2.4244986120612237
2.5085688732847244
0.815454121183355
1.3099788337881935
1.4127622624294824
1.5754818780694686
0.5686963412187876
1.6092809059019744
0.5089958681404385
0.17925400890263202
0.7799975113230789
0.2531213213304395
0.3120330547353733
0.04550964998513297
0.36950552270260484
0.2017028446105515
0.6994750369738075
0.06740525874557357
0.6709629565079529
1.427957894446066
2.3557263050487975
0.7114355318334231
0.32204353874398295
0.10890994072104729
0.43524445366165604
0.21560872049701185
0.40570092163246796
1.204894076890736
0.05224990107705937
0.9932546952103729
2.797171508756147
1.279605801257296
1.0529567851550605
3.2769427724625597
0.38449393509639074
0.4610741588039697
0.5113010145657663
0.3096506832536571
0.664706391876876
0.17392258442846967
1.6951578580832642
0.4791104664018888
0.7004292740701771
1.3872082111522042
0.8993591717076854
0.9494068410011026
1.3489148843435874
0.23860026609349108
0.6476902677697561
0.8617568114686266
1.3280744987175384
0.2227275786318625
1.5325731166404029
0.6683692428100335
0.050584532214613766
0.7345210307640173
1.9548690069396426
0.5694660473824193
1.0333166639595694
0.9786205378727274
2.0308281512981647
0.8244864183213692
2.331761417737101
0.1940858002485794
1.1764851218685106
0.8468820371401217
0.13500143235446146
2.257341846230398
1.2440489735921767
0.2052414115707886
0.6092573061582623
0.28695180582456964
0.08954590710143091
0.044916950769233174
1.5318553352264208
0.3584419969129301
3.6831816417985697
0.2736433531322412
0.25469838928889865
0.053805550860239436
0.6244528718469192
0.4103344313364438
0.5134482522551174
1.2450215786237422
0.4376319699587601
0.3816088688723667
2.772773225997824
1.6334921389787556
0.015038415221870353
1.2779315513650458
0.9085977867962634
1.5973558018594214
0.43618796853725805
0.29143022840568583
3.4452625242568633
0.041819422414695794
1.5644547387870533
0.2497765657152742
1.756360893253225
0.5328800346136059
0.7184831789383166
0.2731476129939083
0.24180910252675927
0.669324699930684
0.6795404848103807
0.08440757232664045
1.4685649804766117
0.6675340710055757
0.6243222976606165
0.9705917484609597
0.2753486207419135
0.11472894640714211
0.4181795116485223
1.2258920971859244
0.05599491899634747
1.273062018928817
0.024726158554583634
1.2822708018308002
0.5133214580577842
0.9824093079902071
0.5139675323639629
2.0466458138899046
2.780078775527784
1.0107823272703815
1.8623220754177945
1.6798646204732806
0.5295840807390939
3.732464470044405
0.8564091818637143
1.5065063531961662
0.811042710879193
0.01608069786296233
1.0053615977716757
0.5399617497440947
0.1244216807019117
0.45302386914590276
0.7137932011437333
0.009946990907606241
0.616284310643504
0.9359674445537799
1.0033166868129828
0.12726995920248582
1.170469067641847
1.5725669790995611
1.5049342526515197
0.1345227623592826
2.417609857882299
0.036814491370595566
0.3182406832129406
0.014716096335027903
1.553821859550819
0.2868518011234164
0.7691664694265613
0.1646998586368266
0.9077949831408255
1.3633095012377912
0.6368091742138918
0.9220284220811469
1.1520921227630092
0.19869805760445336
0.2681539438437072
0.8460981036151277
0.4756744325461248
1.1965919893787518
0.05724761846477443
0.4599860862587705
5.603301089280038
1.5234998250838134
0.46302200074790734
0.18482265884202392
1.2385677791027823
0.3993045020661921
2.060430743388574
0.14577961148848875
0.006959011171208819
0.0470598024817178
0.8246327132357998
1.3775425399188137
1.7322235122105294
0.9104211297938513
0.7932744298365412
0.6475914097587633
2.7047656946256087
0.020220016016643985
1.1952278521834574
0.9971530941981736
0.6751297929155158
0.823798188513409
0.1510238641614593
0.7229844828197314
0.5377267160872458
1.0496848316069927
0.04058708348117225
0.064976305328624
0.9629214005375933
0.9060556933101978
0.324831785770051
0.43199423030646733
0.5555244374828211
1.2760391644946716
2.5156937022439827
0.2601289741370865
2.1689979075923205
1.079896292756559
0.7556016898739438
0.15066303356472863
0.3959329308814163
1.3718705208998963
0.35729887683178185
0.005807141183481105
1.037667846598868
2.184386977728786
0.37488582981158663
0.06244848590388435
2.0581816719376187
0.2784959267367156
0.7216532112873333
1.0506238329901982
0.19194074015252086
1.5652243843304225
1.552943877917047
0.37523968325939067
0.7199375087229131
3.8326909010823096
2.7890472216395863
2.4566051208697086
1.5065249021228726
0.28563509834048567
2.259309701477121
0.998300799228213
0.19507371509053958
0.34307806555863574
1.8298430307746822
3.0381191520647333
0.1476386099239415
0.03101331191723819
0.058273385590436974
3.2678845085625023
0.06675376842386865
1.378685844917415
0.42733894619883683
1.0621037921404626
1.2828862970527988
0.8464375395654
0.9986854825880632
2.8492755255199724
0.44409696444341196
0.9100392554658469
0.2061607627014089
0.7184142103731362
0.9230395603048678
3.812384780060552
0.04999945864827101
4.243727037900302
0.7751508404152007
0.1397091506219781
0.25762609142137016
0.6991882194797144
1.3511949263330334
0.17301388927422695
0.1920943106566618
1.745327579232616
0.14168604525795556
0.5049405300785088
0.863255895656182
0.23779216221694183
1.2171721671140745
0.34398999980436146
0.7656561853906741
0.1776251855817638
0.614811755941521
1.187884155996622
2.5984719633282083
0.11725402765730271
0.5763042356204874
0.04781433509599075
0.10416370155622207
0.8041866512145673
1.4884571071713748
0.8618075983085632
0.07919027722137355
1.210299125530481
0.07275552437809453
2.4201326403915053
0.370448568749668
0.8255225014618909
0.9537075824801191
0.6069768617964989
0.4612700661432202
3.616099232993042
0.6900402644589797
2.418241122481139
1.0025761911663873
0.8301823036652991
1.0019588742997512
2.1006923731536995
0.612566458309741
0.5717455545737952
0.38819363911582055
0.03246547373440249
1.785714420272456
1.2263642778067052
0.9268080535009406
2.406407931541888
0.6037863686876889
0.8253724475666558
1.3853090893525883
0.516276836304649
0.4227780909740842
1.1530179280916373
0.18794225117404237
0.5827223449319532
2.5349592873088103
0.2762069050785835
0.6312184473640894
1.6879160222575504
0.05617411011404704
0.12424998432053422
0.06698698842990476
1.610080962521086
0.9523975438849754
0.5789800846276615
1.2284211553467048
0.5615398878630143
0.540755238861823
0.43319371118924666
0.7678316818115901
0.44316908615646866
1.1557424368398397
1.2276703569085565
1.5823145652299189
0.116718128656426
0.8233378699511739
0.0007746254995444562
0.8569416515603516
0.2942954148520585
0.3460480525322539
0.23313139929145876
0.062181922721139725
2.0028732044206157
0.6040147349209254
1.7941342751628242
0.43559721759847725
1.1109539538631372
1.1829671344831856
2.7476746906152627
0.8707046422370606
1.211919899368324
1.9844285594418485
0.031131616621248324
0.4091752319543551
0.11242277127674409
0.40427447576856795
2.031555743441021
0.016478507596910018
0.7899591927078665
0.8377402875710431
0.723518485083266
2.409304503094562
0.025920241520750356
0.018002789062719515
1.8533088497739507
0.37936026687363616
0.15444261100708395
0.2718542247300628
0.4012119283131862
0.5548177135331408
0.19999485752385313
0.6231483452940362
0.21628902412727696
0.1834544127068152
0.1716066347702134
0.5296272845937088
0.010724867708306144
1.6580374633262542
0.3501178776634211
1.1884885645726793
1.2092371805457856
0.9073716157909373
0.19549949376618303
0.3174263410581407
0.6338291116058079
1.829244830983755
0.3775696213799569
0.03353899623366908
2.865125443247628
0.8832959281247443
2.0321859295906894
1.065055956588214
0.9369343316469437
1.409675399907821
0.1677263477629887
0.3183756667611096
0.9628679613871927
0.4394103847370789
1.4242301423795276
0.01935708611519153
1.78431265087819
1.8355029554105817
0.36241300438729745
0.2828450834467266
0.44692609949132517
0.11254868990059361
0.8025670018392176
0.945246429219877
0.7828545337024108
1.8727836353858602
1.2450740007835222
0.5087179951071238
0.005003854521619414
1.7459397748242822
0.33278534621194766
0.749523230751208
0.7869339560852618
1.4475410585639699
0.6095670367000481
0.016950904215594486
1.7391628763420655
0.558325700950047
0.020519408135136124
1.7078307769159828
0.5961591105530164
0.7187337628202726
0.0057629379229356455
0.3717339609297444
0.15517433090473445
1.3004561814477011
0.212083567311157
0.295349564824191
0.5776510886207343
1.0483074613999934
0.25348202330804603
1.0593384427919372
1.6183322332688643
0.9968408813580041
0.3410049219701409
1.7186926223674466
1.5740567058748403
0.7428479010855725
0.30053766110837127
0.6110545590584524
1.4820574110126639
0.3230066121110069
0.38776393597487263
0.35581831061033015
1.0859924124410523
5.510843904696294
0.022273269673978583
1.540739769112197
0.7124035383535721
1.2624128821132714
0.11324421561415841
1.2364356545939794
2.7518449154911933
0.31863697833211785
0.13326285293370435
2.6893033662096753
0.7210211671616149
0.8996460648663155
0.7446776538874648
5.073154123205549
4.376918989691039
1.4504636171396563
1.1307524268425972
0.11027416312379441
0.10673629581281102
0.2549860431482644
1.6771278081339633
0.6284706584323488
0.6704564785712871
0.4666137087343426
0.6277270677257082
0.3719354586047392
0.35127545290148987
0.3558716847397524
1.5247831498514248
4.962830396238516
0.08086094007409828
0.9380044561827368
0.10659989125602265
0.1561680136170563
3.7830727195008764
0.18504292511166548
1.2273527253912833
2.9942550368788403
0.13239290014220456
0.9156044858299898
2.44480477606084
0.635195136850047
0.30831096735268326
0.45097506264800263
0.7029200597537951
0.4046855607722696
3.977376207965439
1.247058730287597
0.10632646032401169
0.9607041352940486
0.8991854386576821
2.227722539130339
0.03641115424426213
0.15943741477666387
0.20843616184199804
0.36480465119327216
0.020850652133874215
0.0816826700548868
4.607502277694269
0.1932363579522483
0.5641502537590528
0.8524589359024186
0.022737724633247754
0.3150706151034007
0.3884814554593724
0.35428819430732617
0.06898716116627625
0.10085714004622555
1.3917210487079221
0.09552396547642034
0.7098975049153566
0.22539795395964393
0.4272281608726066
1.6271383504159933
2.113297922657317
1.6941808187224128
0.610257330792082
0.8671266504209388
0.19735768616961247
0.8113287624610156
0.35555900702736193
1.8461090880095827
0.9614535613357845
0.048307678859786776
0.010693573397845442
0.5047191551333357
1.414697254221389
0.6477422956990337
1.8999928495448206
1.4148333095321277
0.23305694459272255
0.8073287928467774
0.1770819496392644
0.32577642976030186
2.1385322476347786
3.149911668640593
0.6252945140881625
0.1704265317240243
0.4055303657058529
2.0339362473845197
0.3343512832775215
0.8985378340697764
0.7633105435854597
1.2176572262991838
0.18738762590114777
2.242299663820622
0.6526935038279835
4.757882819856532
0.40801380923187974
0.6799160387500834
0.814269613990055
2.4294636341518747
0.7542845392612519
0.1879829371750646
1.2295713676009354
2.3291595177533546
1.6314407739147456
0.09559399107533899
0.15684291518140175
0.01998667747642323
0.41500331976164806
0.5423734347151316
0.09122411828209892
1.0941137676060215
0.07743955083567429
2.0455922818565573
0.5952609990038609
1.5060206859945517
1.4660725042983607
0.6726023914243779
1.4452566692705182
1.7559776476040465
0.16508542255088374
0.2152311670664868
0.7912538660484301
1.913677494524065
3.1488088128278062
1.2477497428935742
0.008735981841089428
0.10863452040738886
0.19727957575213445
2.539439939951229
0.9833575370015711
0.37420997285024193
0.9914082624024211
1.1739481384828263
0.9045863121171531
1.1545319535964622
2.7381148673022495
0.5042383868278252
1.0250372990003374
0.34675257254525943
0.4124227552714648
0.01093813223154977
1.4777114689218307
1.7882133537787075
0.6259805903473409
0.17756762182887692
0.06770416519342995
0.2854024108094672
1.269704039856514
1.601105503716843
1.2127900480484828
0.6664813434886192
0.3173238453256096
0.32164076119814994
0.323966416443857
0.305760631675742
0.22792023508634285
1.657031181234619
0.7564056688193991
0.9801623025685654
1.1957263411233865
0.3615456123293788
0.30756569843016296
0.17974266574421982
0.13784268862827306
0.3759585878414843
0.3633190042391131
0.16961706205839738
0.04215924542222153
0.5460249668441935
0.37158624519893807
0.39031317847681013
1.6854105490644917
1.158909424670753
0.06719647277737974
0.05599145605100315
0.6521332902997092
2.432406264926824
1.024559018444226
0.5156517118259939
0.894927969927112
0.04011310604714651
0.8373511659786786
1.8204083988500932
1.1541900141758044
2.296603728437979
0.6079849003294439
1.079503777458084
1.2464222029097285
0.4862539453515496
0.8020130735795489
1.9553292790412957
1.892076734215614
0.26762889317659916
0.11484229971352357
1.2656348639006862
0.061746313552817365
2.116198948885892
1.782219322007663
1.3469409528230676
0.05207312807631915
0.6089138819230537
4.372876182945072
1.9528398714523059
1.1058958772973089
0.7516226379797841
0.5276837032185006
0.17431553686878384
0.28685809021945685
0.05574860835811433
0.14484192106937321
0.9173773047896696
1.7986180530984268
1.2371107841945856
2.3033588385398414
0.5043293518667802
0.9281354508557004
1.6336504236790372
0.3675976956568481
0.2114854633408111
0.9012395127583652
0.0628413747190152
1.308093603198874
1.0916072384715325
2.165146801316159
0.5835394409676017
0.369326208173698
1.8838731308365424
2.1545861795435926
0.5860141139028644
0.10798744858893883
1.2171555982861073
0.4895710430078585
0.3090756063065784
0.20471846744411715
2.6996930703731183
3.0286341082457
0.3508617401545078
0.9031537840722067
0.6818644450713425
0.6246278074477958
1.064128071395793
0.17588072871435975
0.47987981467594676
0.05393978911333143
0.7954327583292801
0.8786088266313535
0.27299842662229035
2.0607688016436025
3.035383771496641
1.0085124304111084
0.31707784756775154
0.003030614726962149
0.5697401025368163
0.20391152481388217
0.061914251172117137
0.37818804441698817
0.6093307876150948
2.9435749822798893
0.1153664858156631
0.2634648442821715
2.480811151828437
3.3099896065610936
2.2486741502750074
2.9938978273296035
0.007583766628408836
2.0931646072488803
0.02571708291077875
1.069344137772076
0.38382396558012594
1.0190381475928552
1.968803744433402
1.7046893529363387
0.7401080596125587
0.921243271732613
0.272794543005802
0.23749462431520746
0.15524950053649447
0.7099789530309776
2.677804829850092
1.465354724588921
0.6893600002530365
0.8708445816031287
0.07492297950086456
0.4378043110456609
1.1530321763627094
0.03832110328457611
1.8170186027863322
2.0752705575915753
0.8517865132575299
2.008272728887087
2.0231586094702263
1.030793180375093
1.0949616724263054
0.6659308188607717
1.0864744327786615
1.1864337419233755
0.18009063484790971
1.1735176184171485
0.7379834638459911
0.3396805185162792
1.9674764035190955
0.1921060415807419
1.1419816597231507
0.35077162319299454
0.42000940682648935
0.002862701126181716
0.36330917598349804
0.4317913081537118
1.716537054092494
0.3742890130248624
1.0740430536799952
0.03642414439134515
1.3978306698830911
0.4630792885074524
0.5544767815735475
3.324339570645595
2.7259513776334274
0.10027694456075636
3.400494769693923
0.06557551826652769
0.5523849000044171
0.8036979192621893
0.8654032804292557
0.21955008668863205
0.24494263208390324
0.8061210121016876
0.5782135981107243
0.005133127223429856
0.5174314488275136
0.8472782897979558
0.6566986461645558
1.0192832086529005
0.19712896847473957
0.5648665559518964
0.13338930727832635
3.349720482273916
0.30238148298507606
1.0495774621974712
1.0931542494416302
0.2906107531000159
0.7133448923258364
0.2149328441031861
0.06383798858332414
0.8921888207519433
0.13265029866439124
0.1585598647679103
0.7390545962305209
0.35591490173089957
0.05932928783539945
0.949411294988161
0.07930307805575569
0.14353761637112714
0.18200785631279734
0.46240556192121846
0.6848084765568544
0.1736159299150852
0.09467775838175654
0.10304090188682442
2.2065886546989844
0.5644866453143174
0.17195374841703692
0.8217692897249115
0.3128176700518724
1.9071063369544654
0.15676319963670998
0.7158231296794255
0.3822227605531537
0.41960138800148034
0.8100112447091572
1.5907994715264069
2.220432855220506
2.4569186859643852
0.9276821190568907
1.3536115173295955
0.1301410528389777
0.6777547923780354
0.6561382270465604
0.1013354020837234
0.16451144379870575
0.6920485219125394
1.5245554346596344
0.3747947708687857
0.3171276135106365
0.43241726328336266
0.5038226177236653
0.4513516510202765
0.5089561679974108
0.20542986298245733
0.5341410913320711
0.20873657547175348
1.0313154472701622
0.959259706356145
0.14838891089793185
0.377011002740906
0.10876293034685738
0.16993923684096193
0.8505539678325
0.3951996290719393
2.3208036623627666
0.8402561331300463
1.2914471827942182
0.9036391589740747
1.5800152544408683
0.8385175850851688
1.2979260903172465
0.32952381680429543
0.8536420902646706
1.3108024835204188
0.05962339216099942
3.9240578041596956
0.07024897639652807
0.18701016254273822
0.6549791319426679
1.3121013613977324
0.13869700672098267
0.3276167051420718
0.6054548015350695
0.12659640599523425
0.9049831069332326
0.5736107187731073
0.7858201323571912
0.8749101816554608
3.008218874448761
0.9200035565890651
0.07838319524458016
0.1800012520688082
1.6841977847620309
0.3837845933276495
0.9882951597475897
0.0631534394128123
1.5290645334759054
0.14629707956375307
0.010232546448546919
0.40218297406316283
0.9817704824529558
1.8311736863098695
0.6407254523353397
0.6924089219816061
1.7004580538021081
0.9935639700867225
0.26925593363238126
1.1113842746899822
0.874509852006024
0.04086024110392177
0.014440523968303804
2.077120497461045
1.5281333606251468
1.2160398646024964
0.32062582268452344
0.5078143052384526
0.05228004433789449
1.808350921866615
0.48854800229434986
0.2157482752072684
3.102401349481358
2.4140707400795884
0.30790847818128436
0.12788476091570444
0.9886720008534071
0.058775097459279654
0.0426129067493881
0.2497413107714596
1.7570642953286844
1.5460027962716505
0.6465297613349166
0.29600415562842425
1.0532749081037076
0.39443707164021513
4.045599800535217
0.23212807716379982
0.8233772387802478
0.6576483349639862
0.44166520734481757
0.10622460804000097
0.24812550837683478
0.44017548977915344
0.32825412065862614
0.16589669290520945
0.4299959064652111
0.004387447630717292
0.8442347056830869
0.8440887174358054
0.7509561843969473
0.1735214474449181
0.7328632642167833
0.33161265730394923
0.4904922131930907
1.3536537208714634
0.20281822474150868
0.4915724844215519
0.8783864565223993
0.46703610283326286
0.15272947450961322
0.9019837240549711
0.8615832202477167
0.19690122985594072
1.1973415098396887
3.285726899915632
0.09278253469283944
1.4828272737644592
0.745959232841644
0.10807602378720821
1.2260350143509557
1.1966180570634861
3.9459577332284983
0.050035838434326005
0.9500891294007686
0.8406132768157766
1.8638661770523508
0.7256578503993351
0.29244979706720453
3.095848645813836
1.832679890654431
2.157306490979202
1.0653047612253315
1.4663486484681587
0.7090110446315327
0.392944504440539
3.0913360529907528
0.2728656963052801
0.36353922839750136
1.8332535805868444
1.6752888298261268
0.7279827050693151
0.6502276753079044
1.5823652645786659
0.8004260400089662
0.31987087425658006
0.1810365792807415
1.5655208007053973
0.3934833048466959
0.19594005991522542
0.27216168715213546
0.2212444569114524
0.5398949804618899
2.7921974986271656
0.6495234345019884
0.6311736551237346
0.36652958222323734
0.07991884135395959
2.230466895618661
0.9012177517588138
0.61006319493566
0.12733520064447035
0.7222741079281603
1.082133454195478
0.9921117247177037
0.0778510354990315
0.23575910596783772
0.05510568288443964
0.08342749851315942
0.1854034135581475
0.5515257928435329
0.0741090683649313
3.2760365289620665
0.8693630303478128
0.6086228461116892
0.7847773648737224
4.1515027266685065
1.1471854906949304
1.704457406488523
0.2503957132180977
2.451079211367662
0.07043355751198649
0.06343354010219505
2.0377999192182887
0.31900867479583517
3.3967305868792272
0.3140010327656241
0.1917018089143298
0.6794307113361153
0.8244890525032171
2.811563124214848
0.2256095909861115
0.21644470967109986
1.5457807464739268
0.10708218600915509
0.31038149261509435
0.9630020885234778
0.749779666882275
0.3236990894241446
0.025539736584198326
0.7043217103843368
0.356423780149097
1.7143758555872868
0.763935527208588
0.2201328015507157
0.20467714825502906
0.019897637065493547
0.35691292861628215
1.8369921020918807
1.0352292190140535
1.9322548264630077
0.6840812784878645
