0.2197429642426513
0.34303501195454433
1.2714328712771124
0.4405594065228578
1.1967998719792157
0.5105189627094204
0.28445859521489003
0.767201491179487
0.8367192041052607
1.039220624772221
0.9266729391471807
4.05314956997093
0.1626536780060315
2.3431230714549747
0.46738955971023277
0.5362671759706207
0.13350978007785438
4.733576866940696
0.483331964205972
0.18029055546753442
1.9659890132834608
0.47198588954965903
0.29919705037692945
0.48358156081827625
0.26231793175592677
0.3204236367658488
0.6985711571173857
2.007761386884117
0.6931655041298488
0.10695797459442549
1.2470255554786434
1.0498083089235866
0.2213830839015196
0.07437408418865216
1.9773251689633178
0.16120374547085312
1.8971874112977871
1.5238224340353579
0.8493737632380328
0.004404694768572957
0.42418299804493
0.6939736053283844
1.6692082708602844
2.795808954838554
0.8433854475589466
0.3667644258681642
0.5256122532158917
0.8069131076297712
1.8734274747148016
1.2337735187505376
0.924770244269163
0.3311597212061099
0.52044385703102
0.0029801864206014618
1.1086399115787697
0.9296861974004114
1.3575772117923774
4.01519622964764
0.030757618242320945
1.4105934895477161
0.1341302795098418
0.8074587507979126
0.791435433481929
0.36450780018241435
0.9946724734981165
0.08687698325930394
0.5564469614439664
3.1471212715656827
1.0286782806178936
0.4329848187466152
0.7260443381403726
0.3806038740753583
2.228256449919973
4.873116332145176
0.549185818401624
0.2779648668299043
0.9939601830921446
1.7022241862870837
0.4916389749033855
1.358060639269924
1.6069342890120821
1.0144985321864977
1.0777155182510245
1.183183250213682
2.188530542289067
1.0009187593941544
0.23172657347413747
0.2093130901557707
0.06403814725511159
1.7106408779557483
0.4255436235111937
1.1149870147219814
0.23704332715696805
0.019464562821177374
0.44547716260426085
0.5780949367490485
0.8151982219283842
3.431115098207563
0.5532738142288942
0.5632977872234077
0.15154970501956277
0.599319286484652
0.05873762622378863
0.15153916090266975
0.0802273985000856
1.0810907740355058
0.1574430089415416
0.4552517694818287
0.5458993060285603
0.9204743855062809
0.7261578706026668
2.514234672479153
1.039586701456266
0.006299887020575988
0.5557893695269965
0.29097627822319705
0.7285039292201564
1.0508081668620255
0.5042229754940004
1.1457100829592204
1.0380118428194949
1.3999628049451898
0.6921193373684246
2.097841639403511
0.7037778815304724
0.07876739263897095
0.16761523211599827
3.471745686831482
0.9240485861943774
2.7673178102512126
0.7099444902517927
1.664136931345665
0.22283252495874456
0.11849621098338238
0.5077885465670562
1.6192821350775357
0.18482979598498303
1.9241804454679456
1.3682902461945394
0.3283052455694071
3.572072473968591
0.548455396069236
2.5974649165452384
0.2779735218987829
2.1102746305303115
0.10346590449861608
5.632619762282816
1.1010957313159278
1.4304415251514724
1.8503803520432394
0.6530154308858117
0.04141687430427047
0.009181413624308762
1.6118368450375056
0.3110767672795376
1.3713747767879334
0.24373068575328577
2.8547738594962135
0.31816101371413896
3.30964112083152
0.5318339552573614
1.9127548356260629
1.5903167486201673
0.7093503181189382
1.741867032925004
2.8853873901806084
0.0931418619090049
0.5444929200403421
0.022441565820691064
0.8830097764195023
1.4095711062823328
1.017628797834585
0.6959132597805542
0.4405629993067319
0.2650557212561319
1.533493770627961
0.7333941580068284
0.7798875886071887
2.5232282751897452
0.5637284172838343
0.3034551056803739
0.789445475737103
1.2930279096432868
1.2047822953902632
0.05579175897417089
0.6246684562939013
3.179655643570282
0.2653422866771953
3.624089031165478
0.25553254394614805
0.32259794424714544
0.3111409353365308
0.65407913306592
2.594823568049981
0.8208988386844666
0.12466142050453827
1.6487061724151635
0.8617646455970464
0.96969815356743
1.667478130378014
0.49224344266577663
2.203561492910473
1.605765599447254
0.18577678663881006
1.6193070040307835
2.274819516834304
0.5578745072435181
0.28444061466593973
0.6207014052974924
0.7043910479753651
0.20708788884217796
0.6868946181008789
1.1092289205133103
2.8479320345577124
1.6818631051571538
0.42608425332690897
0.5975650324689512
0.2173658687235174
0.010623895231817641
1.9443880836818874
0.14486379012491002
1.5351548079031345
0.3451195290782349
0.8340932630791679
2.3760286715644905
0.1862026978689879
2.277893493706695
0.16322383726851217
1.5458778194444722
0.8619151569326272
1.2550406945750319
0.1397715657628176
0.11505183723291248
0.4208826853578216
0.9016321633502783
0.25420244299990946
3.4891589738045097
0.19365892590158665
1.6008177082803823
3.062623090211124
0.05392677960271086
0.390777232802944
2.760878501763311
2.5441605534443577
0.503470998980776
1.506761559951567
2.389409988826138
1.4331198910923837
1.5579773345243737
0.6041370529544526
1.8773229210075042
0.1225911899608323
0.0907734347792711
3.581399148830822
0.1525645541822367
0.2600004722029128
0.31621660731123036
1.427471573114733
0.9501657013752085
0.8385238825088321
1.995712719808041
0.8011822395703434
2.1010026867057867
0.8005772390004806
0.46787114430717003
0.5893304328052
2.5861314520344294
0.2885434594517553
0.329397460336986
1.8467368909003703
0.3056137105183421
1.3165701383294675
0.6348210709726173
0.12815845111635965
0.26618551643854077
0.7243588000686864
0.5202727475933207
0.8108728418849478
1.1149866907182868
0.10999148871161307
0.5586387768831841
0.3863636011109497
1.5040923619574054
0.0649701507494438
3.652715557629059
0.23613569712588978
1.7095227232149413
0.3662674516619998
1.3598571379740796
0.49311051724476995
3.75648653158459
0.6263604970956422
0.05261755804710792
3.3290760949174447
5.446559362506807
5.111424274929834
0.5319875965981026
0.17744293838169847
1.2934793255528367
1.1419203915154736
0.7524894701856817
0.9351497379680223
0.7216981305859045
1.863175030014061
0.7681581118446089
0.24971191908815515
1.2181391948958797
3.3560157989318187
2.069852387880384
0.35117238056581834
1.142128870874147
0.9955694426216786
0.4864896747904689
1.1609511569786175
0.5191036944058367
0.7076241854479175
0.5963878452265521
0.5055644312273406
0.36423637778593887
0.01984122086911525
1.1432592635196404
3.871380670166923
0.19944256860670373
2.3033426843217075
1.5397138540295439
1.8231462505667977
2.5855183667263995
0.09129965714252088
0.7454254447121138
1.3158273937218963
1.2836980839610352
0.2392608766587449
0.10616816478500171
1.453119798583255
1.3469878261817174
1.0214089850788752
2.273178184006124
0.3843067642266888
0.48994793003995973
0.5448031778297362
2.3285220100753534
0.19596935313062094
0.8249843410533014
1.897766885892204
4.196242293007006
0.6449760033660443
0.3479379821540858
0.5700369390513943
0.5505133628892669
0.5716687590047065
1.0789007294785873
0.7499689747288916
0.9315685843600139
0.29551834006082256
0.1885891734069916
0.46440253862107655
0.044194590371076925
0.41326491626032585
0.5719619790461119
0.0273313143856147
1.8546398700686366
0.8632765659032284
0.42843901855519795
0.4531472359637315
1.0379152707116763
0.5073118645986594
0.5213594153602328
0.16143709291956423
0.1414027664192545
1.9386403849523097
1.0762982643681656
1.7361128171623643
0.10288824452674893
0.30693842525869336
0.7106567971702673
0.6050305667222227
0.2765549956582627
0.5759582492031312
0.15829978043185405
0.4832224022492215
0.29973918093019786
0.4177386048082954
0.05506197536389665
0.16268841674590362
0.8068525806204254
1.7284224437418332
0.44840649740827626
3.0413704830735737
1.387266175026456
3.540576745223351
0.8996986997435747
3.446846877396651
2.19672545707734
1.1990658901334739
0.21149247067898513
0.5717774692124609
0.3324670058205917
0.6517031450557477
0.05824830548916842
0.8465952454263951
0.12397332151526089
1.0917608349493808
0.43732091897243897
1.064852660203026
0.020295990432893807
0.4260582124005893
0.41387485373978916
1.1485880000486903
2.302263157492716
0.99211793621373
0.21993305605165825
3.019291786607073
0.39596358429495465
1.582169351804332
0.47686252717132904
0.37744878670983206
0.21247268267715372
1.5565574275270821
1.3190077719326267
0.3932415776585716
1.2302003035549514
1.0343702947524707
0.44405928684129037
6.461349192871915
0.053454263897596895
2.2127134732559446
1.3102660781049627
0.5202044504098225
0.024155588655723068
0.14972048856544404
0.6646603792536607
0.19004506701328544
0.5135206634294914
0.0003080662278719582
0.33813980723310433
0.48160655130341085
1.5255859129247908
0.34916803971749266
0.17155324211515552
0.6383695683135548
2.0650823880912386
1.0914822887207083
0.29019745907425326
0.3097569243619368
1.121923745202279
0.05248884502395522
0.9169645136478566
0.7684598298140333
2.2442186652283365
0.46138167692090903
0.977597201782443
2.621745379776697
0.21336376096915138
1.0941352321303603
1.3647270226885593
0.623208137428263
3.0430816492696513
0.12170014718696186
0.9204572664764998
0.2024559697084536
0.06932550275811543
1.426830756038075
0.5253776293959619
1.5024878088645965
0.0955933189539038
0.530305271855823
0.8505515821958358
0.8882247791675996
0.07916783313841527
1.5435430685817062
4.331957528641056
1.0396257859716145
0.3903404997887841
0.19996173786215912
0.7493383453596476
0.7404136988844746
1.583849263136664
0.2655692206495939
0.22131778712922648
2.1802630827971634
0.0694130477373497
0.40813912796780855
0.7995008324179825
0.8942694479015014
1.911654786970318
1.1948380752561525
1.4774131148985465
3.1233814991819924
0.05151877075992744
0.6426554045066923
2.9132408570177093
1.5011992568138364
4.926126459051004
0.3889077363643388
1.8600326510803327
0.08647201412217861
1.8658281329027742
1.473921507599597
0.44066826374374335
0.7511776346689802
0.20676712822870555
0.09992456236691166
0.10379251772984752
0.6805062483562924
0.9153545693205375
0.9561928753544491
0.0105286589771531
0.013620779699010682
0.1296972179602554
0.1595846924821089
0.5789440382971694
0.10877342015235587
3.5892634973717987
1.1495169576408897
2.2899773685365163
1.7969374455553735
0.6080195347859126
1.0554291380746723
0.09512102085427501
0.42483144184386956
0.005614399969070892
0.5536324908970582
0.5290816061800814
0.9281119177006341
3.10773713213408
0.9488727716997027
0.47229936237327874
1.451043082733354
0.44796337981712925
0.7489704303315892
1.3486956485608754
0.3759051664116917
1.8366874277916576
1.2005571702459963
1.3581241042959928
1.5052015890092099
0.07831967056462054
0.26255338575438353
1.1186522411560353
0.36370280070294203
1.9788260822071595
1.7666659635180526
0.09447216160427163
2.5680424116748544
3.701066567544363
0.9419020368926267
0.6068687099675841
0.4501092957325509
0.011726493779801155
0.2758898020668668
1.2634918923048464
0.03757144451107689
0.14682657848306593
2.8743754839449966
6.161970388272092
3.34483079761738
0.12694632280222892
0.9813745791584074
0.6297135947770062
1.312733714035374
0.0845671792633967
2.4130210749857315
0.06135376003791057
2.036994542540743
0.7118451626380133
3.6619683398716063
0.693231442084643
0.5998157587804778
0.5672252310521663
0.021076522214426387
2.861765513210719
0.9481162724137733
0.8866663535943686
1.6820563239979265
0.7591411340939523
0.30463850710621476
2.4046987991326843
1.7494692139083021
0.19255594811965004
0.8711199843046424
1.6295069927214945
0.33082414142937105
1.370056132767423
1.0223322903286556
0.2555012580392597
3.079691240307218
1.3005492260451594
2.39726865952844
0.9710022239837046
0.11219321652230231
2.8850505757548595
3.7162233872478234
1.5731348918580284
0.49633426740007086
0.8763894391598916
1.0165270389411047
0.5484279575497695
1.599175981606194
0.8619825970486947
0.47137360900068515
0.1329402634309245
1.0989514209270703
2.544645098242823
4.635631165368443
0.2032559428494403
2.0987504694651906
0.3231525354118387
0.20009534263527046
0.13106597006621462
0.9152554503559733
2.4104995919637857
1.760762023655406
1.0659971464873135
0.0009984127994034457
0.1376572115049551
1.4459435516893064
1.1977346548225147
2.258728559688314
2.0495168024257775
1.165682821321093
1.6015964610893096
0.7751455486788227
1.6939063277915762
0.1284014555342985
2.3215308206728427
1.7530147198913257
0.16304469288480034
0.36732265378780365
3.3964784204689713
0.8537431138326825
1.7829118157177437
1.9052846924900058
1.343426801940768
0.8992536386958115
1.7301440481568142
0.7909563887546814
1.7827813500429996
0.20842996896240676
0.7050155166331243
0.5644524842545006
0.40861560265025365
1.3135421824676499
3.2070950970970307
1.1964337419230908
0.9045570756995212
0.9925692039574663
2.389758847682789
0.7139718582533708
0.755483578598794
2.7659648742229797
0.6267709674222032
0.8211591320128069
0.6264665124282686
0.03462544978189791
0.9837873300628107
0.056803491542549246
0.6660902698110146
3.517567213636862
1.2750037350976697
1.0762038619585035
2.7756424534287456
0.42491219711551326
2.6159364350008754
0.9016523954717043
0.5185652959216859
2.3400987110294915
0.642187337151122
0.9600787508822402
1.559669931151566
0.05240281797530476
0.37361866307640246
1.0666395132409168
0.13743631532364947
1.1332336443017097
0.9057628579458312
0.054210415816231164
0.5370708208369029
1.0715273997841077
1.6153091096932268
3.2472849570542106
0.3557952277877509
1.1266394366957553
2.2936337212890523
0.2999236503156859
5.214945859850235
0.5045062264516471
0.6017962035845641
1.5596687214914045
0.9202771840557189
0.17078333007431246
0.4729435315935492
1.479807325082509
0.0614085189467485
1.6256203318855513
1.6758605538072178
2.4198480929953043
0.6617804877618574
0.004898937382439821
1.4566744013607356
0.08953978951495076
1.684054092037515
1.1460642036155289
0.6082474140795131
0.09733286383433631
1.6074996424653003
0.07976366863784413
1.5262309152932367
0.024576734966536617
0.9998764720051151
0.15187144359858495
0.6760483913530925
0.14518412267615777
0.14072930249796603
0.5605833917744644
2.6879054776977824
2.0167000032949036
0.18809648911458127
1.973772955702351
0.07080437611133421
0.22838191219406645
0.6848646065676331
2.1004338440775623
0.584834528858506
0.6012707409536816
1.3160001928805936
0.4864636189782317
0.2097202059626763
0.39139742882377176
0.388332465649416
2.607275697182617
0.40014912936600233
0.5602636845276384
2.440179499747576
0.9614217224604512
1.6973001943476673
0.059203360557218004
0.5516562670776345
0.04889061266633927
0.22394206266557615
0.4045699741909711
4.626749448162525
0.46305555530023035
0.4725622536652595
0.741268520292816
0.12256805770466489
0.6448103579809097
0.6151588385396298
0.19878636544088435
0.5817144654749505
2.726244200523138
2.796160286344281
1.0480198570276942
2.3744157652416287
1.1687808287121197
0.992810867018651
0.4674804060247754
0.5793058645741506
0.08123203927363588
0.2315236232797903
0.9416108428094163
0.2659072529723992
0.2915308429929311
0.9441178425652071
0.9776934653258063
0.8038084830243439
0.09643185733425869
0.21927126626988153
0.0019538051526568198
2.967841361769706
0.34866368598380054
0.9643085238132489
1.8080466684799177
1.7653241735439107
0.5461470692049818
4.532846437166794
0.611351691318758
1.2224141748169215
1.92561306930036
1.0441799064973056
0.4832564648868933
6.929438293353384
0.8646277862594369
1.02449558868772
0.03261847851677233
0.30477067956667014
1.825285339979127
1.6351026632713574
1.0765135251256792
0.05928987758918425
0.5245745003719181
0.4605907110321794
1.0607298425629068
0.4372826029370116
1.2875512790727002
0.11710456376136154
0.33187332459944313
0.35794834991331426
0.15444646359057657
0.8251250826435406
1.4884992751702093
0.44125633744886705
1.3666600379226246
1.6135959422370307
1.4711013763959375
0.9598652343159633
1.3349123197342123
0.0313795736125013
0.16315663719626186
0.553047984385791
0.738166784533547
1.5497010200065666
0.25452726867104275
1.1971188553972054
0.3457678948334994
0.34585423688956946
0.5502804661319629
0.9162917262533739
0.31832737285014034
0.08948838593282243
1.321939716016
0.5459127581508075
3.5606478118609814
0.9584568107331459
1.6675595691179093
1.2957025900690913
0.6067379432519079
0.6961776123295
0.6196412786867848
0.353021336946271
0.21069879293505586
0.27906890025528674
0.006973170180825224
1.2864947141344203
0.08648130321332342
0.9673709258960106
0.7360625974874432
1.546226957152834
0.3836251335514128
0.216551562947141
0.4165358006929118
0.007176790573478942
0.38198653424577694
0.48985807498185263
0.501938406899449
0.4473859676038674
1.4368385653829323
0.15652700952809295
0.6325098507355049
0.21371405078182246
0.17076010639856407
0.11103500526136127
0.7682340469471507
0.5605003208148901
0.3370787088207277
1.294889056761037
1.4111508817863894
1.4106796947544902
1.7536534044109193
2.2165870645781527
4.090305627561239
2.7408878727373747
0.28010568102785754
0.14101481471151914
0.5562357450383117
5.003017679517022
1.3884839322172742
0.40312896232059847
0.891158147459704
0.2768471105645445
0.44028385880777066
0.12676193206246672
0.6999104531085067
1.6130777202313735
0.2362613282464179
0.5644609390730552
0.4944338697580947
0.05700785353443643
0.08483266751110304
0.20612674329513436
0.06230358603186854
2.127909007918522
1.1145598871696965
1.2701129334117631
3.259675717130643
1.0603343366976286
1.4056480083339413
1.4691565624490768
1.8112627247613968
2.148589165491763
2.2412107439320805
0.2056876841940599
2.559789568291693
0.4759082895289967
0.34182036151792494
0.8169399912024915
4.749397125400572
0.09848576731812156
0.03387723181629244
0.6061986208058551
1.1580222387005927
0.4101633080362674
3.4691297129587575
0.7835236485828233
0.3269969133067179
1.1552929786273307
0.16971491317343165
3.741587154176873
1.5584705181594054
1.2526683326332764
0.40678027897205044
1.5166120319777743
2.6109057000773834
0.07144538940030852
0.20164587014870805
0.06555396122791377
3.1943750000646185
0.06642892147204082
0.09927112272475451
0.3899169710447178
0.800986943155957
0.09456231209651614
0.8691202980600673
0.13286857719500927
4.315490700152537
0.1963146929478326
2.256469198225696
0.10677041005421106
1.3565299842012135
2.0035075328072955
0.9635925045674576
1.3837465985366195
0.4005713754669826
0.017733528225636244
0.4121360502824223
0.09298422247343317
0.29726172780205024
1.3900606538775142
0.27091520772262406
0.6675602799980475
1.1492650035400158
0.35095199072550143
0.8635611943488357
7.4699395704695e-05
1.883142581413398
0.3830535848426646
1.488035356294267
0.32698106755004
2.2180287840500874
1.8627676667241295
2.3668712495306075
1.218773208260687
1.6811179921315773
3.1604383196709844
0.42017312527485795
2.2460699540779365
1.0996503168944203
1.0952041987191674
0.6251997946147342
0.36088663709051194
1.221599796941251
0.7125702117660448
2.6597116748298433
0.3779279811614042
1.351962120707869
0.7398500411254108
0.6900255287972126
2.068989952420159
0.2271394464743897
0.23508552142437047
0.22890301937071084
0.04153860553407072
0.11940974757893974
2.960669165395475
1.2470069049615313
0.46249339491768116
0.5883752887917671
0.11009222760372746
0.5798823801816991
0.572985593144868
0.7388268111132164
0.6015924602475419
3.1385995412235244
0.4778430461995413
1.375712050521032
0.4952113948806007
0.4249986474711886
0.37429699610912603
1.8152075672075032
0.08096051067409568
0.18933907123603752
0.5112084618365134
0.05926021853973631
0.3992379484829313
0.765033113702355
0.583635466149702
1.3720967846746408
0.5572780431061943
2.2055720377007266
0.18114441917147905
0.679741932870423
0.032546430249202916
1.4525634257217772
0.07470548135890298
1.5266269405477746
2.4004077893663727
0.9363117789096149
0.6388457237843592
0.7937835201951922
2.132387037115503
0.7521773422559179
1.2737873184946262
1.0455144954268205
1.2718903553299874
1.2159525773828093
0.23903657123842093
2.6837542841509796
0.6262825214915634
0.7724941047514491
2.150888393577649
0.5489408284963602
0.03489736862304285
2.2156109726313784
1.487416597620773
1.0335299357021053
0.037762498388727535
1.4259284500679914
0.3917804818897143
0.370131125572015
1.8944718554317936
0.3396681596093127
0.1575994797518447
2.2259116249172557
0.8767754983735604
0.5904573848390271
0.7656376519035778
0.08208154824920114
0.4626834259860449
0.3440202889294738
1.1979125981417695
0.914693312777396
1.3424288349911964
0.2991861265571709
0.02616249737063748
0.7985509861929306
0.58249675734317
0.2489253601568572
1.7515297887150694
0.10557829839168448
0.15638757284395646
0.5775943628256198
1.1507626772924735
0.5255464549587331
0.042786268052002946
2.470111752968913
1.987687997122548
2.264346139915952
0.8087661438251732
0.27561973482617713
0.6369071453890859
0.2120279287580637
0.5091152431995086
0.011554392729772019
0.901756315131694
0.4149588900198487
0.2098234451771622
0.18524961073468355
0.9506629219083371
0.0347374553076305
0.20212402117571723
0.3104855708185406
0.4810261026952705
1.3178797429208795
0.44000321448289664
0.48305583872393243
0.5024111982767568
1.188383518563902
0.6583912975962879
1.4504958113781672
0.29607819860705237
0.5645220891044928
0.21220305309240223
0.14726903675658792
3.805387172937909
1.065655187132532
0.017961905314743083
1.1103645324212121
0.5682150621256782
0.027079404653084976
1.6365824322847127
0.6377402517041441
4.814549510197411
1.4885377554267532
0.33768585383380767
0.43488503244318294
2.195933218903706
3.4730111049679966
1.5084260040682251
1.5318249387270986
0.2524093563513947
0.18665633590138636
0.09981174305620179
0.18375909081825215
1.0213610686314583
0.2713380712494004
0.389238995145678
0.8005060674186918
0.0855544288667952
0.7230521434687125
0.5503913201653542
2.208104938754514
0.30363950860944233
2.0634003445209244
2.467905439689874
0.3958429766737624
1.141279692823352
2.506748387077379
0.1644985483301974
0.20430181733688385
0.2256513577084231
0.3855181908698185
2.4061431236077127
0.43174915030831107
0.0052775415927232535
1.2669463051447836
0.371024732999798
0.2735072312598984
1.5438487938533956
0.4537805667868175
2.099933853086549
0.8630346374829517
1.6743315557960934
0.08115422780986595
2.889548370638365
0.6096524467815514
0.8796574035283402
0.540083870398473
2.790523263180493
1.0686604505353738
1.4322479822870202
1.5167907541765755
1.0460025985751389
0.13987377405962426
0.04256192724434421
0.5230345065245117
1.1328292749212245
0.7327055581503151
0.3743411313166585
0.01943970695240713
0.04113017500875978
1.047277932112941
0.00946242558311032
0.02365225021851989
0.06108264629165167
0.3423232217484804
0.5607179189112427
0.7159781380393107
0.7440065399091007
1.1177545126498576
0.4692376578051294
1.2810768038633464
2.2480298717194827
1.0159134143451065
0.837917221970385
2.386195323506912
0.7981513681107721
0.39934152863384864
0.2646133449383006
1.7929994836700385
1.8436660341810964
0.3774062082654494
1.385181491327461
1.1420133527175784
0.057435547259822424
0.4134507505233758
0.3189648717586932
1.0351289305861184
0.38138136267817146
2.095489114582085
1.0544308381116767
0.7307379014590851
0.09122455041586532
0.5232827186269918
0.5593332744836971
2.9324269128316875
0.16417582685178786
4.082492298022582
0.7466725375604156
0.21973415588241785
0.3581323252993528
1.2665381926016543
0.8275547395933676
1.0330296758514
1.7066547947972035
0.4213313985718808
2.1381176547495926
3.1776026689066628
0.3599460978753346
0.17962799006078303
2.8472923862862687
0.40937166352550425
0.514711747772575
2.033563477791194
1.886308661817595
0.8040889582484159
0.7130084054335376
1.205885305674082
0.32096407639919633
1.6889630801110107
1.1947568175392251
0.11406658998415173
1.0264515216225192
2.927617504956674
1.9515153646779062
2.9084598277294136
0.014666870953792883
1.320173175646893
2.759678300907686
0.22888840673253913
0.8980759614270748
0.0667503057579575
0.4127495202780634
4.568900369738138
2.4499359677969745
0.2652629436884021
0.2548287855886001
0.5333927067087992
0.7070299773987011
0.03430132055710449
0.3739153639176299
0.15808495780085446
4.548155827180677
3.449437759948778
0.7325072311622765
0.3657798194588464
1.720297435597612
1.225282755988034
0.32270778519407856
0.7586220452390604
1.209240881856397
0.2707161030485169
0.7433546004327587
0.49064845352669484
0.5544651878584881
2.2957153211349293
0.8132588925197094
0.8198920388831809
0.8038906411258013
0.04028620158600418
0.8465510886884047
0.7930461244011467
3.709025720915805
0.3212936819252205
0.21243246838374824
0.427161093517871
1.7012426452924465
0.35524840245791145
0.2676841795577
0.3252870106895512
0.6418845174361507
0.4457204159457318
1.7393404850607588
0.22357839311860572
3.259333479036479
0.49074989460682694
0.9432469376789021
0.48702338748581486
0.24054166400958696
0.7152432743637351
0.037578700558112445
0.820305652115415
2.51796105084658
0.2361313201398565
1.0236422185196268
0.23004221280094417
0.5284634789518385
0.6438002133061518
0.8084056428214704
0.38754835958185424
1.715329780669181
0.994920848403186
1.2359571663188795
1.5607206709939703
0.07609501094202208
1.1381490392292184
0.5453308527626054
0.2276504444700401
0.7711843051349163
0.5288214510380251
0.42844310401843716
0.0769922519257569
0.14027685213290764
0.23793656851511713
1.4283511451955058
1.0152750305898854
1.8821753105957286
0.8737449119578403
2.0994525780700655
2.995015805198503
0.08330228735461578
0.38635327705423406
0.17246213275884578
0.23699862012928252
0.753769150020359
0.46079771467390884
1.8148998236364164
1.228430265590167
0.6528859863488463
0.6886998903355295
1.9458614739246514
0.617225366324765
0.010449624175461436
0.7581460545692271
2.438814663344819
1.0584077063815607
1.2721587685755662
1.2567299454207022
2.092352936174863
0.23989453008552558
0.2844249501113934
1.4028786920466552
4.064194511103071
1.1437087332411855
2.876754233792969
0.14568775104364198
1.0481825941880092
1.0049426302206763
0.20362228028003868
0.8248655596992431
0.18794108247135827
0.8115500893436176
1.1134834239253009
1.4579429765050882
0.41167026950398966
0.6150361460982097
1.0692960980281172
0.0036264834787175532
0.30727524517925675
2.132688273112269
0.5157112994641776
0.014584948720018429
0.06493451603013375
0.9911595330969636
1.2181784094483763
0.10511147549781874
0.161244242363792
0.01617719021459381
2.5162819582333436
0.5926733090733018
0.5204677814790395
0.8663475059034351
0.44866667531175886
3.1538093308737416
0.08268645671727223
0.765143374554242
0.8722219664222229
0.7049698404766666
0.8781069916260216
2.7279559618920883
0.40661038775720315
0.19609858515383247
0.5760512209946627
0.8322899756286082
0.23914363229784644
0.06922882292384672
0.8667173271307453
0.2435066848462078
1.167132244637697
0.023149001475228605
1.91993317417361
0.6435782584286396
0.9844060100871492
1.5060557853616108
0.4708441980773063
0.7013885681446635
0.915607719075317
1.2528191617008813
1.1806390157413482
1.0985941203018341
0.023931501220973286
0.42800118783296026
0.10780580644768044
0.8864721024021478
0.32142413387343904
0.16468005978024441
0.68496353523949
0.013244036838331927
0.5534420932948825
0.25066739077586886
0.15796687679193755
0.556892704101997
0.6573980084308332
0.09567828262909191
1.5017761429801977
0.8245579257897375
0.21448571838411762
0.2414653963292073
0.004680101243316258
0.05958607028641662
0.17439440620086677
0.21260726044920303
0.13708673611403716
2.010169444345495
2.0727063107119177
0.03887468420640938
3.0454690848367965
0.609720526622997
3.271091751650727
0.8142594496921713
0.048846280477509656
0.17974412833727493
1.0574151975795485
0.39053043138923343
1.1936258645173106
3.650783923858598
2.7558943685025334
0.7993892935102811
0.6970350223322695
0.6848899940327664
0.5364385120153929
0.258678826000739
0.7040411518201479
3.709472854999772
0.4779213764135503
1.3256945406080032
3.0458381260456306
1.2186393787171794
0.1660080036191866
0.04427502777097318
0.9224104918297812
1.109727746258838
2.315907646180488
1.0237501005606509
0.05520951838022994
0.8651117573462365
0.12151987988568594
0.9482930966275469
1.5400930939999338
2.1544553792681036
2.273337957321988
0.20786884905057973
0.9359605051744659
0.13953146184962967
0.7638682584536292
2.718707769081168
0.10095081519227254
0.5476135037159914
0.4773407404210851
0.17027071627753423
2.211783809368796
1.7352215314559338
0.4228063438947273
3.123256305351275
0.20688907429842823
0.411000752842591
0.876634088929702
1.054523190332222
1.4755560054880006
0.7266924766099624
1.7930286227004681
0.15365671342036788
1.968254914896189
1.824001984386585
0.0011762962485377456
3.8438790388480615
0.09229817767630269
0.2778305176689706
1.015078288767458
0.942215535957484
1.0820541353937239
1.8751098621287356
1.6336820333406386
0.5212908166310679
0.24807237995400866
0.14088764905769868
0.018003841173095638
1.9272041906681907
2.13382253632146
0.7430024639638185
0.6471047604308011
0.2211982446085342
2.0853878807636135
0.010370736442631454
1.3221169370132615
2.214136195385234
0.47188040286599686
0.33931944440544326
2.8765101778538424
0.07718566496544095
0.009580674886494634
3.136608308006638
3.293386192749817
2.1219590151518317
1.380966560666134
0.1491105808621836
0.019579523525718102
0.2090765840325295
1.0016538016485996
0.7807021763937364
1.0829278281846522
0.5610361736156364
2.4533026837563363
1.149612140461026
1.8783054794211371
0.760043124447349
0.09141311284346951
0.396621060862342
2.0953946886687773
2.718408167261666
0.03905640233871017
0.8800090878673026
1.741068869616268
1.5965373506077525
2.0038632459160226
0.07014725236422152
0.38200948704151527
1.9434679214174448
1.685431599197586
2.63923053834574
1.0732868121914756
0.5078087551660923
1.7872517625041229
0.3037605382255935
1.7761893496953678
0.4213442372994094
1.0568447104392535
0.036192196216532996
0.24353398723134212
0.03356750469352594
0.7467107918204312
0.13351202199640078
2.934253821131418
1.7688487939452335
0.6463123767227139
0.4197607159759873
0.3193060464186737
0.6674336505707612
0.029491449619284443
0.28319409917900745
0.47919033331413147
1.0497266354129502
0.13420520345718198
0.07907769030180418
0.2130318900076743
0.9542763876347975
0.687219033595666
1.0224316580252162
0.16090144107168775
2.6174223566877965
0.018598395842036927
0.19051470780951033
0.8611577619404565
0.5398711300779839
1.1859480993942642
0.3084407510491817
1.2306497722787708
0.2789440534863196
1.4177900446076928
3.0609757119463983
2.0008454122786086
0.7584199156846043
0.4460279051112584
0.43803139478223685
0.33660312800768183
0.38144464295149405
0.37630768082089416
0.839533511520446
0.6418410797550473
1.0201311580635235
3.0746362044992797
0.47437732291758733
0.4127883666231422
1.1167859758955392
0.8688682451755795
0.4678911760593297
1.2179104335181776
0.1165523311047711
0.1999103904313766
0.8099169870126028
0.17816109909053507
0.7007934921357736
3.4818172138495904
0.10760745960524998
2.342187400834264
5.1858545843306825
3.1503860583321814
2.188490990807496
1.2029956100039392
0.8907551551187902
2.375823425144133
0.28914102269902786
0.09593370287428758
2.309807325122607
0.15227562786442317
0.4142191453844717
1.029002059260801
0.7600800826605649
0.43258958580896156
1.733022638777876
0.9211832309099641
3.1672941246462
0.5223809949174605
0.4925968346865325
2.207292060304632
0.4073749634857437
1.152285792877499
0.7153975092312151
0.8539103312565626
0.5664722057706887
0.032364853657445396
2.528645505823251
0.9754410809033323
1.3411699160830097
0.32948206556020765
0.0055926832307770175
0.8810709069592272
1.7631100601700855
1.0177923713637633
0.19894664373100396
0.5263809463106254
2.7112061209354588
0.5912789443223093
0.39945288203370877
0.12725088067748994
1.2698803754651564
0.07780035267385133
0.38641717008372356
2.304753168874509
0.10985474350104753
0.5864214277510361
1.691226882861362
0.12759185516251226
0.02965532372885959
0.3204439758082212
0.5170844026135687
0.3628055124229324
2.119788735203453
0.7346237471153902
0.7049103949334649
3.351242030867529
0.9558139877405356
0.1441405108464256
0.16095892713929638
1.7912981961682806
1.6177972270540066
0.023119181959479224
1.3806429488116636
0.6769613891020475
0.37589689257992787
0.9812367155316416
0.07858375626524615
1.9989710034587167
0.2563455802578763
0.347942024968475
1.7604926488856925
1.24020285297266
0.028986048298499253
2.5824403497679658
0.271254459118231
0.061180050378217735
0.10028407323913673
0.5593008451732234
0.28245769854816977
1.9935197192643968
0.3322558121960975
3.41392853266578
1.865582198450389
0.30851875449095156
0.34993585421915896
1.2649762883296125
0.6629127620942652
0.2771686735607232
1.289103987713077
1.0852820126510816
0.3285539222387739
1.0296656189143885
0.03528884351076341
0.09675521091598167
0.0011033324256395519
0.48838751715367
0.012709246103550873
0.9173750592639862
0.024247804169868336
0.39293835488837964
0.3604339590199429
0.1298973015693664
0.7107755860151276
0.03096183131815459
0.3090195866828862
0.2846406525619023
2.1410443847490535
0.03537411479582023
0.04213813136004588
2.8126325579049363
1.5466359042064526
1.1893405565269632
1.6015372349418082
0.06424785606311828
1.5006522003561689
4.760911076142413
0.5505530661981597
1.2873028894825755
0.24514255614402178
0.5513085282352617
3.9179506034567275
0.9545609331365039
2.027173547924633
0.1584026344368237
3.378818297779804
1.0331743804200164
0.01234318336927522
0.0014396814255548795
0.2350144085162988
0.23978203969479567
0.5506758747337672
0.28638967601551174
0.48562406961029675
1.52895153453417
1.0542041970865228
0.13212080018249023
1.347770902817232
0.6145165515143187
2.596328927325074
0.8036221213251095
1.4408957079755065
0.007077231402914871
0.3816116887661161
0.09485601244384329
0.2523490020076988
3.4869938415965893
0.9949612953880762
0.18263991008138353
0.8955836155260732
1.5458346122559443
1.2475822934957974
0.1829372647912257
0.026000134607016574
0.5024649325916792
0.10027218617037625
1.241406856923925
0.1475451655746848
0.06302049908685152
2.1994206116983324
1.9543416982567152
0.40036483635146397
1.4053003890043654
2.9613432306674787
1.3980025139895664
0.540580817826341
1.0128337444735864
2.6748196382116345
0.027584485843837242
0.878659805241854
0.9978827627655418
1.102543946449294
0.18143437315059
2.217641098765348
0.6159216935384363
0.01600613103528948
0.09676283978083403
1.7419374494641322
0.620050514555447
3.8262086638163386
1.1370808875506104
6.177217946508512
0.040945399212211
2.4627985594618558
0.6698391045764875
0.687348237564927
0.03610374170017354
0.0906216692401607
2.0168516178197615
1.6197575883559456
0.3710412138119344
1.620846726061961
0.10987466497282573
0.7598010655200015
1.2181514021299464
1.9253024503753469
1.1131925084439656
0.6707564987815143
2.165103448540751
0.05450963123302515
0.23160228197690969
0.0504370061934883
1.1368522796652805
0.21463619349916926
2.876223905624595
1.1751265517707152
1.203266313445685
0.03512613326945466
1.8832830350251335
0.24923211869854486
0.36913580793111117
1.815882406676572
0.05649717862262848
0.8149085367080431
0.7211787895209683
0.35373890336027053
0.8663314584523171
1.292854002219629
2.3288235622768245
2.7745719770741895
2.5431993111668687
0.47962603650383046
1.0261387594373055
0.05142959659386358
0.39609859378735324
0.07952367551980356
0.11824945027786497
1.211216632356938
2.918323023683199
0.1697186204786685
0.20841104348866288
0.8400824995317205
0.8991309185414732
6.406587194467514
2.1411206611753744
1.0793306652970363
1.308978246656722
0.7596161772189904
1.9798575738421118
1.0390211816672337
0.6291828558628704
1.513957860198623
0.18038137066462284
1.5082907156984158
0.24353139534971754
1.8614542103209821
1.1652475047140165
0.1137012856357932
1.255316197728074
0.8350565188701129
1.245947518466776
0.37332459112004773
4.22248433992956
0.5007820331976705
1.5793574666728285
1.3833665648479192
0.01644261967850463
1.2175886932995996
0.04482393804966362
0.30684510770345774
1.115683587168672
1.5433360332120751
1.9104665826370955
0.9500678110833853
0.36485591997244343
0.9798268299193605
0.25082572708166756
0.6325939042163009
0.6047218828646922
1.792148680021539
0.17744691595395096
0.515352876019107
2.1236789941498317
0.8812465083512044
0.07307131623594113
0.7734956736442771
2.8185010332577765
0.7342624239959296
0.5528945114299061
0.8685318200361926
0.06346465195588429
0.0026451527378880614
0.2257816962162174
3.594904384747296
0.6319594202327818
0.9889099183003902
2.461805808572323
0.7532275224343583
0.819832780469471
0.7668853338984711
1.9740411802131195
0.1874517724539965
0.2969409136750854
0.2085381011655564
1.118829480177767
1.3385667131429462
1.021754199910824
0.03385260140744551
1.1930353907819502
1.2343870313649858
0.8219187475542956
1.1752032678349962
1.1424791794297093
0.4111739491834853
1.2398363188911727
0.9066688943895743
0.04869098319927833
0.18036747489351376
0.0023435588611525936
0.09276366938133544
0.27644219003420334
0.3575791411955114
0.7485186810218488
0.785958901467404
1.1875827625888524
1.5978806629801596
0.6690871150782206
0.7168494302836719
0.6962790040917625
0.8512427069499465
1.6496472098609378
0.5251726655144896
0.5479210965154337
1.6278267201576178
2.2630562090750597
0.11641120231828166
0.7779848266835538
0.006973869933103041
0.0628580107377396
0.18163099699661509
0.8263160873974085
1.5789688177367183
1.0655163104318661
0.573546748020423
0.7963294354980733
0.3478851449620205
0.11379510577683638
2.8130860053293203
1.2102501403435186
0.194049475612833
0.3430805836480143
0.5584396418168489
0.8380763531110409
2.335550537251934
0.021777606153495103
0.5532222403840062
4.901888149425247
0.3157155298516941
0.5452039327037796
0.3782067189137462
0.5034855043387118
1.3362856983409075
0.8832060024094752
0.49068618505317096
0.22617814282850604
1.22168872265993
0.42966807157429826
1.8140235797562032
4.183541717718448
0.12494233554196965
2.047515579070886
2.214675245857559
1.6965835158010338
1.8340554615186084
0.02799539987732826
3.6175011518283977
0.12924013455171987
2.032131708095636
2.146709507735991
0.4868027814126181
2.3549875454324445
1.5490651603806842
0.02318485476838845
0.20096441326834358
0.11991392274292495
0.8099314937208196
0.729569654319727
0.8573086597890331
0.8836249408499328
2.031072704075231
0.4630825968059424
0.25216039133071544
0.5156509351858005
0.3360608570662013
1.1921227026474193
1.1455744379555262
1.0561009625920705
0.4924688432213508
0.45009031971808894
0.8665313081752901
0.01942423454166969
0.9053995411605875
0.5484845413774861
0.37135690293457374
1.0793793167508035
1.5726925571764887
0.14350215145656237
0.07304502633321802
0.20652720926825574
0.2399524837729525
1.488317038887114
0.5312439583546884
0.08236517398388261
0.188021525104406
1.0786945552843128
1.8372151051463943
2.5998860955274443
0.03808327241631774
0.9987571870767759
0.4419139671646554
4.824709913324646
0.1695126009568215
2.6942832028934944
0.2445774381697577
0.4709011505578875
2.351014592381825
1.3252400194706349
1.6225250223631065
3.8583654130941545
4.8931107002532555
3.45503020330513
0.4903367421162606
0.23264320840613023
0.696441945660343
2.1504934434010132
1.081744969711389
0.34347794100955104
0.4352773331044295
1.189154857239039
0.8019654660316846
4.275907827763955
3.4142314870719064
0.8927782750615663
1.7224132592694357
1.1805046255078517
1.1294924433799254
0.4834367098915706
0.3273113863181186
0.7230640678667536
0.3930181661323752
0.6478695744805304
0.28089169751770104
0.7353689273799702
0.5339988025932434
1.308734702073124
0.6994662460828622
3.9477807228934463
0.8441992971028822
2.1571290072774723
0.2944904051750098
3.2160463815618736
1.3923020077912804
2.5216959632515525
0.4293216779956486
0.12408519542922922
0.30590042910987403
0.5568949866714524
0.8995193530038588
1.2670668625076331
1.774220328434911
2.0665500092344002
0.37624936578729745
1.425017980770381
1.7569423387351146
0.2128124795073094
1.053693672431915
1.31113208039016
0.29892569509682965
0.035312696588344364
0.6471663998120486
1.0109463465504995
0.06672775872820694
0.6141771300749309
1.3443525206319222
2.8138723848797236
0.5238728796116976
0.7670496274954337
0.9715845974964625
0.1645916365489536
2.361092535026968
1.2557468244433958
0.6909211718124229
1.2502328675337777
0.8779257069392166
0.10933301006790704
0.5647810402892374
0.26901035276121
0.20439151461277724
1.011836433493428
0.2786589192632501
0.5392051823254609
0.6877391588790706
0.8856747925585675
0.4563205754319916
0.5358512278923624
0.1268197312514996
0.8539685434789249
0.45055457396481785
1.7979971505423835
0.014310749319697684
0.552096541476711
0.48916162936783264
0.038831976600926216
0.7559457933909438
0.05418838608552412
0.30867397510563666
0.3515264189236223
0.6596971868629433
0.1760425751892082
0.7928053613457136
1.6841316734733738
0.48111116188637715
0.49723130556881245
0.059856597747833015
2.7891258220151975
0.043717911668143365
1.4337318852335619
2.0649977414820775
0.752648524324752
0.8025196776566407
1.2060576951757076
3.1583683722285154
0.1278605502735427
1.8645767750233608
2.2483980831025483
0.9171794448175076
0.1124551334185522
1.110370353931038
0.17286505019308004
4.165951734667375
0.6989697689009322
3.7140790188980914
0.23488360638449685
2.8065317187704792
0.28374263041796904
0.12799468470178338
0.4577884950052683
0.2538255817789044
0.19819555651667664
1.3622107498446088
1.502675442012905
1.8355485582691695
1.82141896767183
0.36465613452432516
2.763584644151193
0.8664726772397262
0.30852158204399566
0.9827288814513817
1.1350602013113655
0.5619268175565958
0.36364646891400304
0.03741101917665376
0.40289677880853786
0.04740428843169174
0.3291663771105196
0.7921001614927349
0.2798585346726251
0.23531030728096575
0.893833349732565
0.9223339026713181
0.3130323028983901
0.31776310305716654
0.7145097082593488
3.026047792171334
1.6174730580102297
0.6527777397513115
1.9607886232182568
1.1253328012538988
0.10250983594284828
0.23356486683461739
0.6027362099008161
2.206583077051705
0.36607940214541246
1.0077806810582792
0.6084640372560205
1.6614494182211519
0.7536761963502611
0.8588350984807935
1.0457730880843847
0.34246932266156677
0.8956235635751926
1.6776414369527048
3.453716202868938
0.742696668299591
1.0636748657101887
1.211981422407848
0.4187492161938071
0.3294910128755215
0.5298654240875245
0.45454512192794205
1.2428396354260864
0.14091523021014546
0.876450263010829
0.8088408195718433
2.0829521948339087
2.251991632793416
0.5488334617055532
1.1505491481583545
0.34564489623015204
1.3411817057262072
0.09381631548692683
0.5312018350545904
0.0907631586723425
0.765724071876319
0.43467752240433116
0.876958770995235
0.6518461532621431
1.3873581856751809
0.03299090506394899
4.547998837714328
0.08761446373767459
1.280654211525359
0.4336107378880189
1.154151774147334
0.4844719803590839
1.7238300502915327
0.5185635542527011
0.488582887378182
0.8391883171315179
0.505327740448747
0.06609443748911609
4.953765318267082
0.3592868406264609
0.227605704402169
0.04435216362523746
2.357774303169169
0.6390235084135862
1.0110342931759784
0.7307005884854199
0.6502227528971503
0.40419814673251825
2.2839853270319197
0.05704263726238311
0.7015929018032661
0.36008884427341986
3.8942681442247555
0.031332456473730924
1.5434756505697127
0.5450928237838524
1.4708273072596751
1.4611829139510262
2.2811851992204173
0.25315596005881447
0.7289185045933776
0.7839271598998927
0.5251041964835503
0.6408772553144172
2.08562534780086
1.156911511477628
0.3106568334804935
0.4425282674275797
0.23054451610614676
0.8999632797630692
0.4511076735904822
1.6152534937339
0.07939689297460725
0.09731681898522529
1.0268407066611622
1.791163858320026
0.06423280804649782
0.07036427017428448
0.33994867861320527
7.768939476862886
0.15113190519908945
0.00307639577797062
0.7226797277015158
1.2134694268805413
1.2489488632281236
0.4192981157967702
1.5835611136501033
0.4152999646399356
2.1255019279085903
0.08309521310088731
0.16856346166930203
0.7731665914410284
0.4602877570748112
0.6337555366294128
2.388167937765626
1.8553965236956498
1.5765420443970934
2.0749893224935625
1.206977758877115
0.5679567036638455
1.331881637279146
0.25190571242740173
0.21967088106450597
0.43420218961676627
0.1408929538933499
2.5930227159982877
0.06611255347021541
0.895440750142454
0.20186542458048828
0.09262260989141004
1.0452847445865363
0.11279120963805059
3.451323329530438
4.781883629502827
0.03006577290329703
1.2477941480274886
1.2687192429068237
2.4732827524924286
0.014431271506559136
0.4778310931324441
0.4106927660197749
0.6364225891856987
1.7339037005599582
0.1561863312243733
0.1735468812039311
0.20604569328360398
3.678758315513726
2.5003529482687767
0.33602327083422895
3.419526998936529
0.30635596394716136
0.02425984170020508
3.1467892239694644
2.777098010721966
0.8567024529858421
0.3631787103605306
0.5198287235826101
0.5853344748465434
0.1866907286391914
0.2984559912788331
0.8555754810881082
0.22156339404582548
1.0883338412167056
0.18171743167334045
0.8430933479591228
1.0484561915736408
0.9218400388872365
0.4151225475417757
2.7018541731424905
0.6807658913021629
0.425922269055651
0.31367456005762245
0.17409990527405275
2.67176776881611
2.714301002725825
0.41180301769315963
0.9375642227243964
0.5570701773487825
0.7868622218761184
1.8672503996116718
2.003468160968464
1.0264445225394414
0.4489887864281144
0.1451218036182013
1.7840401250537958
0.688480580091618
0.6720024991033863
0.8600826107227302
1.4770242318077353
1.585237064464441
0.021174707708053464
0.4409263337554116
1.8536434541226727
0.07179802778834403
1.1478980765651157
0.8369946397952075
1.242153989600443
1.5865520240615434
0.6255737946633595
0.5459420376143526
2.5327938960206766
0.09987206233647311
0.8465191634347417
0.09399728740798075
0.7411031515571002
0.3305123196692619
0.610887865898161
2.3705483769520383
0.38659251943892536
0.1940126734079029
0.3540230165456754
0.7124419102909849
2.3563670954344524
2.2632715574924416
0.1379909412673614
0.3440581238943578
0.9398455458166088
0.553554002641247
5.165544839586519
0.9396234663821881
0.07762483997294493
1.9122817716739604
0.8942014159598566
0.05517534371042863
3.518347875885845
1.7841686631062244
0.44695752245660825
0.27374998944541307
0.5063117682163693
0.005545460019521957
0.3610803160490368
1.3136306325031804
1.8310431627284505
2.1747070482865314
1.1724394637220277
1.2592789772803665
1.09927429950098
1.9137076156912027
0.8948119164329058
1.508971700065466
0.17976137505084802
2.142580431732735
1.5404410676740945
1.246159289148446
0.9787715563579312
0.14983824339365176
5.237895551789734
0.05554311231786399
0.8454022264625279
0.3167557266353327
2.7995904175180906
1.1449876980998916
1.1189144133302198
2.6929863869037574
0.38287256718508483
0.45411975070389904
0.8957434944910898
1.3672192210919178
1.3570255290192779
1.4229860040468796
2.543506637440795
2.2017478129378536
2.415908025087945
0.04748542656605511
0.49886202696700915
0.58902204401299
1.703671474565294
1.021662234688264
2.8717845633670818
0.8320240847435337
1.9060147279145592
1.7348149234382686
0.8001318837482316
0.6759376308186876
0.24720567116868591
0.5102223310049433
1.9356289888141514
0.9352347158956256
0.5185405844525446
0.4461268438238972
0.38805805488315215
0.7205319188609735
0.6636066621798461
0.36666319702539796
0.6685569115312382
0.06762383875102951
0.377073523276381
0.006417415884159705
0.2319018539314664
2.9606775039626125
1.0280330228194037
2.6412792629555515
0.2806016704268426
0.9875607743884384
0.9333919153800381
0.3123209334412979
0.20602581011815357
0.18051315377273916
1.8287164524334132
0.3455808784015728
0.5607783280031211
1.3877686969007463
0.20291088224444911
0.7259208908084984
3.4355656695208
0.026253518739166756
0.7197936917371559
0.30542716931763914
1.6861863713920013
1.0068234149878383
0.2115800112910504
0.627868422493201
2.4438675443482607
1.0676600403415477
1.1876296725826125
1.4672302947201903
2.6247051644168806
0.4614327097427766
1.7373988238125921
2.5736181907850173
1.9144576577270371
0.8928392047991668
0.5046816977518597
2.260659439647333
0.9175663548448887
1.0020948339242177
1.2459559966917306
3.0778730828515695
0.22807093639071585
1.4972048325256222
1.2315961899302137
1.295379630582295
0.24095654287141546
3.131175347651849
0.9382947434168485
0.9996434941134036
3.64763103126048
1.2980517117793933
0.7690794903544005
0.6644652519791047
3.7722396678330123
1.4615016526179243
0.10839312479378602
1.1484095807217136
1.556989669166482
2.5861054493554714
0.9357225872408426
2.2805293757644596
0.0748153263570446
0.1547330560583626
5.514501593679714
1.5159120089646594
0.3787662329578582
0.20376642194968114
0.6017254639529368
0.592962712679273
2.2665881247787585
1.0591831068988875
1.0085452778645183
0.38010384159743854
5.254474188695553
1.8125135813940427
0.8828523026330646
0.974193773557202
2.0854080156674555
0.2606319282637717
2.7593229329754356
0.7377915499195522
2.856021321658029
0.04282356157335835
0.9891500852603771
0.9451321916436642
0.7050778959395605
1.475082194340502
1.760063184426247
0.48141956654353885
1.0443608924220489
0.15511107238766406
0.2866030984060669
1.1603433902146398
0.753112793163626
2.1833100997932195
0.3303380568034209
0.41983158835337964
0.745177816297251
1.058252595501438
0.34667824577849227
0.46313229415538876
1.8135910764345222
0.25185590099009164
2.1304768104378606
0.019530496341029796
0.0588044655681863
1.2221059101291551
2.065527886910475
0.18342060812643599
1.4898298108628325
2.5728903193404746
2.11773530177101
0.6735243646347905
2.2195023967680907
2.468753106329117
2.781937376367754
2.684399070094964
1.9774578376681171
1.908948608566706
0.1339835531926696
0.12235517099070956
0.9348978124600684
1.4558788840194758
1.1539323162116648
0.032143238379747446
1.8630444960228105
0.3085065426301683
2.437191372818704
0.5926151041115436
0.8437298324143541
0.0028999394515621356
2.0058090516766365
0.41544653141926585
1.225623400601529
0.3315295505776856
0.4426392539590071
0.12073156149792931
1.303018870764812
3.2294766045497076
0.23652021443818005
0.30559182664832724
1.6171451359648303
0.7778264231360392
1.7149899797993677
1.705804617903146
0.032334796334374964
1.744067288162597
2.9825434365116594
0.06994293487745605
0.8943247612844084
0.7793028320292287
4.545686847344715
0.19242571456129237
2.543102050417013
0.7517781284915577
1.212812019956497
1.8236461663498638
0.5593186760862535
2.2648117080717434
1.4625940660613503
0.46892048260093416
0.2723884840944586
0.8972702358820712
0.0018573074859163715
3.599026106225211
0.4963898938211434
3.0466078474722083
0.5833689704308217
2.6373486236635406
2.742991826009506
0.0807371571429308
0.1581585613914366
1.1127300420546553
0.7893912196839784
3.5869152649027454
0.27443932207737326
0.2298077111866505
0.845879603135266
3.0267948353022973
0.9630034229916257
4.12056627278971
0.9128678408448094
3.4851186602628665
1.489841636997435
0.3350339972690195
0.19371342098638056
2.3470724703953234
0.22132415007846573
1.5477797494751564
3.093076158620638
1.5480167715421285
1.80238846685834
0.11897138527001883
1.7943521114312233
0.3882972393403636
0.8916949105170023
0.6022822095186322
0.714696762618425
0.4615186034799536
4.694832153094536
0.4008806642115272
0.23265034073201024
0.7691441036498107
0.2712962434109563
2.7163001561590985
0.2898909463379126
0.38133022371953346
0.3386148830989346
0.8014278747356521
0.0318060765393112
1.2233280205975052
1.0604436270382558
2.1706664019133473
0.20977235069217665
1.0121277097824584
2.0444171008446066
3.230118348527919
2.66217269888186
0.8311150812422614
1.914153975463632
1.7916799497043057
0.6147121879900713
0.5511626491633786
0.10306037266618462
0.49090125718459887
1.6105275923078595
2.639641872748431
0.515490191529688
0.35770007872060805
2.585498570761224
1.7850319332771825
0.23588509477290515
1.3696505036915774
0.21620115603404247
2.5370314397437284
0.12277354718950657
0.7882194098111234
0.10610043754667459
0.26066889267631643
0.06772153730127167
1.301251158249018
0.19533922757830416
0.9417065715988329
0.6746722794010385
0.9018406029762411
1.7455197928056974
4.307390449701232
0.026385239997807796
0.04635726668916643
0.7493312642397832
0.01156364960939596
2.0016460310795363
4.65948401194058
0.08216915693400505
2.255456238829411
0.20485621859704772
0.45743263562934167
1.6231679360146987
1.036251250239389
2.275886279704046
0.3258360408009025
0.4490623007877051
0.0851083109699404
3.9342766398628295
0.16636646390905083
0.058596634679936484
3.619139731439711
1.3133272554633106
0.6207655418186364
0.9880901902831569
1.0505533673596543
2.6523144139714683
1.2623664216321147
0.6017000989256207
0.018276855390496793
1.2360491142039722
0.1321792803826485
0.28001980108758084
0.12200001531473742
2.0598382335267957
0.7858138170245568
0.24014832740583694
0.34841213397044773
0.2357532870404267
6.029494620706059
1.893730554621059
1.0929671777240846
0.7324727080172575
0.17066122607968037
0.5211792103734559
0.7553764297775388
0.4575383396785298
2.340387268861324
0.7899029326688541
0.04275220829460142
0.7954171807024466
0.7219844953982735
1.5853680908596826
3.121275684654453
0.43788882547162783
2.7709828892048094
7.133447567047097
0.2994134875372142
0.1008971108125387
2.3996943683703615
0.5145584100907465
0.23713069652614352
1.7216391546025045
0.03796946503077388
0.7998351744274613
1.735080844333866
1.3920639535851274
0.38671942225046274
0.8018629513409236
0.3213413787440233
0.6477857362127108
0.4150983861126125
0.507237417974542
0.5609708998625079
0.36245995149146343
1.4886201433102464
0.6693819569579319
1.0985523260700685
0.07255249810138979
0.01621752624781418
1.2398855383823215
2.5403139060099083
0.5451371560948531
0.4720059290198109
0.9166513626522892
0.13318652013056168
0.5797622149072811
0.63531199400397
0.05017117542770009
0.037857013853050646
0.36046412399436845
0.6015801015982014
0.6724567846088435
0.22564980299692375
0.3505907232145005
0.789457589182063
0.41092943798618414
1.211806472793219
0.19532477024846098
0.203807118146485
0.925562614682144
1.098008511780187
0.12068575389573712
1.010801756369851
0.2260747725809154
1.4599283825293043
1.1727774131373445
0.1503230756464503
0.3361678178269661
1.4746063299749403
1.5466349093852476
0.296138899414467
1.686787029531232
0.2889446507151389
0.3523672835734504
0.80681609014622
1.6265646453635336
0.9302342790639476
0.20505837519911724
3.095813929479508
0.15136078527648286
1.2261608450373958
1.6459037087039916
0.29132624276285535
0.12006685373443517
0.37929481870361553
1.0794856138339857
1.166866576634415
0.4299597766409671
1.218495810350539
0.8752926361022374
1.0031384355730804
0.18456671043056996
1.7092226088226585
1.2674157824505872
2.6913432826132286
0.35163679964477657
0.6912020494622194
2.7786399847099537
0.23349021055663202
2.8283525949283734
0.4073492351498986
1.9578106299151177
1.593116771487181
0.7197694595197595
2.814123536404972
0.7665063948458549
0.1847144135966976
1.4505295654407981
0.2749707630992468
0.6637441027207168
0.20719130000978378
1.8190697322865386
0.27017538302126265
3.2313641842283007
0.08206590863014038
0.5751895277882074
1.53121617434686
0.77659439171954
0.5853737148226297
0.3876348714676461
0.9045491976223357
2.211766581495624
2.46973174789268
0.07276562862088731
3.216191477842088
0.22514518447911008
0.16118068538286862
0.09940088834858317
0.3956356684122272
0.9670220233110155
0.8827913888766633
0.3801172706109637
0.22535453098257738
0.7398015707476306
1.7028271483891007
1.090640801069975
1.1258291218094498
0.030397222384054578
1.968226161154514
0.07753866559361428
0.9334301599617267
0.16411001090401575
0.5026460797909877
1.048523507871225
0.039326037039397285
0.021761482103946392
1.0523109559744968
0.3501974849469608
0.1234900573984725
1.3931856915223912
0.09740047300668372
0.9990282991168968
0.07953511678791296
0.1312176226375921
1.6055459519317878
0.3840045265800405
0.30851660773472006
0.3813563812395892
3.95468746459695
0.8208135367309586
0.2537775589372846
2.615703929680932
0.06391377712712835
0.5457958863603565
0.25479600659182783
0.14872618812091912
0.2075504245985052
2.0257067042707897
0.41820545766112877
0.1491500773531141
0.26839316136788094
0.2841065269730669
0.060142169565776754
1.1231815967851653
5.013627551337428e-05
0.18530223311135602
0.7733680449942472
1.342106807116837
1.1928584991508893
0.39903160709740865
0.5603442513761117
0.38595613210876933
0.7922093957832148
0.19772522945328247
3.845497926940317
0.8372673792123044
0.3147116812291905
0.2947219854434082
0.16977402535397684
3.8922628326745694
0.5077525694907075
0.24843499667417013
3.437759871765147
0.08561216320420041
0.7467412042997164
0.539995271918135
0.0815959806533988
1.620353049209192
1.2953645497405106
0.23961130563373523
0.693113525011358
1.3175252293093422
2.329675780850674
0.398584570938673
0.18626341807990754
1.4352076745802083
0.6726511067056274
0.07586908150696697
0.32486404412476366
4.71018364369276
0.051216706777012566
0.5037890311790213
0.011629769044418922
0.30572921988677804
0.09457444955923568
0.9649610389076728
0.47257983983899665
0.9034993295241571
1.229071849373407
0.04174805052993886
1.373915608183874
0.21255235154525093
1.3566456528337665
1.4904465424191766
1.1819664773392184
0.9444041555373526
0.32439595907393876
0.21931547829202339
0.07017369319160939
0.9039861539318528
1.7016067627664877
0.6829111863473976
0.27606060157493606
1.9033679352975308
0.0158393728633458
0.39890183067794294
1.3920466383297694
0.028747635978826052
0.05196967244754348
1.4489713659131747
0.6547038491123303
0.6182448869551813
1.102405332099508
4.32867861638526
0.10329211619254604
1.5488054557389939
0.6250200739601462
3.231190014983942
2.6650839811178293
0.588326502663788
1.9849446703468303
0.11941737638686323
2.3051472602021446
0.5053078911332197
0.4511575695214799
0.3409925527554045
0.9382771606905533
0.22355829037133268
0.15712120125402904
0.013545468364693985
0.18265531392162873
0.7331397297753982
1.4365774611538105
0.38032412248650926
0.4079353702035834
0.23350988845343695
0.8467665381632248
0.521157106189706
1.4299060958000844
0.09102145288805714
0.08750621919644973
1.720086861650608
0.0909088910652328
0.6395669292602748
0.2077298794652021
0.07023926669049681
2.5495702982554223
0.23391632016782765
1.3309976736372071
0.6192518188971121
0.8237723973906301
0.8515758025527024
0.19908608127083513
1.6735488789228703
2.00535011179553
1.506476764366163
1.185410194619321
0.4206757736780567
0.0037441966196293014
0.0014896807373938619
1.2185370256871775
0.3301611293348439
0.022905688042301107
0.8616399106688368
1.074941551315881
1.6884692811664221
0.5922367886212827
0.08398128350673233
0.21399234232573902
0.7531812813900908
0.3967205187737325
0.6697939716450205
0.04758177757613537
0.004065398239424882
0.38234409063585323
2.2055109046380816
0.8513820039302991
0.9059663410900901
0.3385408926013081
1.5803501616066544
0.20480609536178404
1.2033982120230635
0.8896018091206849
0.10984317537140119
0.1330902548017494
0.5066278825414317
0.26996800808334626
0.6395614688244481
0.45432516904297815
0.02592571833611713
0.1374820266625144
2.2215495029685233
3.368601719394815
0.607502125330149
0.43545621628391795
2.91708674772965
8.521905261245408
0.38322842821143366
0.5626153756875957
0.24802134048344113
0.5970592835437991
0.08562360533366854
1.1465661326943666
0.2329799382744016
0.8863469330842827
1.4477385853435552
0.8671292385367543
0.9056051156702212
0.12966972733599172
0.3601300207263427
1.9726906180198736
0.2728197632881499
0.46921601600967194
0.15057344468950234
1.5534612772139558
4.524680318860972
0.1818130813519873
0.7017789796369045
1.7430324590409245
2.334738841674342
1.5079670528790445
0.872239374316814
0.5867247658641518
0.16466506427078012
2.1802426490590237
0.5467767356506719
0.8920172133329438
0.3455964664078913
1.3927541076383936
0.4464989397007331
0.21082923282656368
0.4750745844721486
2.46686706218011
2.666697162060254
2.101812841969637
1.6601367937400042
0.7065865255068552
0.007745441913210021
1.5425196150883347
1.7978637304594605
4.826180799769884
5.181336004900128
0.19911550124395777
2.1057704771919625
1.4221642476607563
1.592492721603889
0.439009482481919
1.230632303516084
1.3299567252862106
0.03309403181932966
1.6727504589572966
0.7577498794586651
4.524400634266684
1.613939514197674
0.8201651223708647
0.23381988908112905
1.2142566808577417
0.38442033281774957
0.7460059677609641
1.3133483472331324
0.9052611509220212
0.6822728339176286
0.5577391576065972
0.006324575095406019
0.3014342030166701
0.3310817209100964
2.111447179829933
0.004933128614848753
0.5898315571182771
0.11216468658355576
3.6138290376662567
0.786380559355423
1.2687735916452714
0.02086258140837946
0.08494915326829991
0.17778979337725198
0.4615757975160396
0.12832716304762948
0.23265261440048374
1.4128932072043163
0.12761215829121356
3.3105632839752923
0.10586287617287587
0.945583336916001
0.8293946264768504
0.03215505032138093
1.4081344585471152
0.13538166929426784
0.6760682332930517
0.5983198104261666
0.7347293983722671
0.36637222660203017
0.10736870746477814
0.6034501589165057
0.3641058944030386
1.6360177416980535
0.7988332520339695
0.18630333179029052
0.3279228016679074
0.2150878376376224
0.13599934948351133
0.167116291681415
1.7089930199150252
1.5526997137935725
1.910256988602401
0.4154928979759971
1.5823701302102853
0.06901251654147328
1.5185795382575213
0.44159864519353087
0.9780140876673733
2.7306468401148445
0.8426952431535332
0.2972567716618716
1.1233721363450502
0.2427734842903481
1.6402080505763164
1.251172211970286
0.7311750306326654
0.2655868230202376
2.709168768584148
2.6820831050626865
1.033293825779789
0.6410968032356821
0.4902840184754348
0.29825359881591484
0.27270985071521725
0.4174305420521538
0.0530583761949572
2.4761136366153176
0.6618888465485403
0.2281945113987723
0.8142715987948729
3.6399542200317008
0.04420245148697676
3.303777762991876
3.2929069842562297
0.48568888208877886
0.868836457706694
0.4141218862981386
0.03946614676082775
0.8161008396392397
0.20904866332939462
0.004690946526553797
0.5028834481544965
0.7049545333136763
0.15476067743586924
0.3670383130965444
0.21552727733822194
0.0215697513468065
1.1736748125902987
0.5295963626785394
1.404805767430984
3.9625204290475473
0.7631849828893833
0.394261443531616
0.724862801274676
3.0389826804842333
0.6815784404617576
0.6490029762219257
0.994371375943515
2.318368422613261
1.0256606023006771
2.880089478824692
0.6462871866924531
1.3674907180737816
1.145436936880036
1.250423186635821
1.1444576160830167
1.7504283719366736
0.6582002253356727
0.5848299516010596
4.094891238462269
1.0117259164806895
0.16378981573216217
0.1822489309500379
1.3972289402679205
0.08223426164228312
2.0304023132738855
3.330433212181788
0.24157269884683016
0.5646395497113541
0.5647232885382051
0.3161424113131808
1.646309617130474
1.2725562227262603
1.501879630197973
3.7898710855674174
0.1725101060010771
0.17616039787150028
0.06977684835499577
0.1101929714969554
0.5105759667557426
2.686413942592121
0.32146820953522565
0.8192452974704816
0.9387166339528094
1.3403394261918162
0.04216146584586327
1.8638490372081393
2.628356725736259
2.085848245400775
1.482806241860246
0.5345786777793181
0.6518607280891162
0.00021368525144598193
0.6925710178101222
0.5984040520016966
0.2848544662385756
0.5071027593413359
0.9969601537145066
0.44776783000525205
2.7564542120151074
2.944351162582574
2.742153247632981
0.5625758735719605
1.5539807121850342
0.057723986633688766
0.13375827177372657
1.205276267770186
0.7328642766799554
1.4520041958965944
0.8022535813762022
1.0978279640177275
0.34933727402453424
2.4089750510021615
0.2737683683674069
0.4467358866577598
0.17762074554824922
2.261819163693211
0.7426326151852677
3.4726340989609286
0.16720515781576048
1.7505130392953627
0.1081173782715703
1.3386747613466985
1.8305512903628922
2.6382701813458787e-05
0.012925411641042245
0.42945170935787175
0.6258276068557694
0.40894342421152247
0.4094839717474479
1.30782001256145
1.22771770998342
0.2344578337973906
0.06598568970754999
0.10425299302678505
3.8795528144528997
1.231608164747216
1.4151208312427623
1.6599576620588987
0.6261070516245009
2.5715780160542323
0.21911906464345965
0.04735465528830882
0.18030002331623537
0.08746373260761905
0.5868697347686285
0.2793803697027042
1.57526432753804
1.114896542123265
0.9022288541461722
0.14787672936644133
2.967676982602117
0.7413032239018942
0.3320926966631539
0.91893146883376
0.6092580903111786
0.1412343691924936
0.2705393817012758
4.0817728638481885
1.5218811582495406
2.178395587292069
2.861699902702673
1.1632751953508298
1.6774600889197646
0.04914655487269778
0.013799290142554241
0.7317568310013203
0.3446918543167758
0.032790191795247246
0.08695455124542086
0.30650729014023115
1.6380135191192504
0.5973176268835246
0.24477890215800224
2.6231776305080152
0.1462515915223489
0.02279017919119739
1.701509570801993
0.4433569599407538
0.05828353810766241
0.7509497867515477
0.7983944007555716
0.29319653921099237
0.14706863800896094
2.609913247824907
4.081194153916857
0.6218270473285195
1.8647888135074087
1.4035204929630911
0.21942952417671943
0.2963935633076447
0.3307095687600685
0.3961062718424704
1.1238205278930968
4.547527592032582
0.38992619467441114
0.9613170050949233
1.7502229656993553
1.1297728673101959
1.8153778860795988
1.530761923937593
0.09557857629676399
2.8848918477309344
0.6004395264104285
0.9210858584551963
1.3150688966150843
0.08882928311611592
0.06686104600803526
1.9938917516303518
0.06142015474935334
2.0447170454940005
0.18885952223862462
1.7522782783702273
0.36134941819372757
1.0583404333343576
1.414730345686154
0.11544725602672508
1.3650415209635365
2.434670062653238
1.2962574272982452
0.06526177723514118
1.5880392131088592
1.143890697152956
0.4134931897868968
0.20670850430068818
1.0999717046863478
1.9240574477547354
1.315587444356593
1.0797585271763273
0.14290689418200447
0.518532560724749
0.10605049563705832
1.2495191462676314
0.06914010838790974
4.384323570508575
0.47998720149099366
0.9870534092245089
2.31713290256729
0.27854273291983134
3.374410043066385
0.9862026564018715
2.7319895539510046
1.3700253763178458
1.9587269816815056
1.3238534179869466
0.1673238355090537
0.5792439159438956
0.3101322200113798
1.4800384210119275
0.17493432342167922
0.6421176745780168
0.010251656669741335
2.4019401682647605
0.22110238489154543
3.3484217436047143
0.12676633141397536
1.8569700082921425
0.09342216872176795
0.16617738927198927
0.15142183764533967
1.0027781848258885
0.6397517742661071
0.050863621477509266
0.1886357950777014
0.28242671008638626
0.9739031557385296
2.0364422669436655
0.6749428023708821
0.4034426213217872
1.381444187331725
0.021529245246575082
1.9211449876517275
0.665019133363443
1.2864354767928428
0.07892187796485901
0.5319374545682904
1.0469144738521075
1.322472091876667
1.246954141428952
0.6181232566088379
1.471651505166018
0.7812681781754109
4.787931549287079
0.3378028367963859
1.5946010322280704
0.19556132623709338
0.44204818479773894
0.04765979155074307
0.2450621870705317
0.2571173130366362
0.9018580881179706
0.20174511838309378
0.37510112766008213
2.47630500877223
1.5045191762377568
1.2943864341816023
0.8331560428511908
0.24602394335765518
0.8492018874124678
0.531754060948523
1.8983078189474603
0.9687845216823747
1.0291911923953696
1.1832782783375144
0.14690126134840004
0.895481480986133
0.2979164937987229
2.910058820901717
0.062106378975617826
1.2365879688851629
4.970483396450707
0.7252501195189902
2.6720851825597105
0.8889042289109821
2.3550193611249552
2.2318256810457595
1.9148214100165917
0.6019250686221108
0.1665702789699881
0.2245274743906996
0.06573140412637833
1.6896535741291603
2.698324076099781
1.35896518927661
0.302215606198385
0.6158618643648375
0.3862854937762454
0.023669156466037712
0.26109208009583085
2.0627040105242815
0.36088064027328887
5.342918918498665
0.22677437863567196
0.14140657644469148
1.6081895046900592
0.5731754469191391
1.0111971853998498
2.723407772593213
2.2041082438637534
0.3064853298653351
2.124922926804439
1.8908511830033754
1.051838009105507
0.2593863058058986
0.07454102761168693
0.5035668724108172
0.23861666820436228
0.4564246443057911
1.0045326558170675
0.17978964027450836
1.5369677671221094
2.2531147986580233
0.6736301271487141
5.431270011565934
2.653819679728489
0.9830843855140727
2.301362867255149
0.35258734611930964
1.4007609335954405
0.12279294512557822
0.8783210963732221
0.2086841387799259
0.4004732923963133
0.168253109042163
0.5019696100044511
0.20794240125458396
0.8599545550889428
0.9021297399411539
0.10542368207021302
0.7472067075007229
0.08146840696104259
0.7680764950228698
3.2760647244291357
1.2171816520238847
5.844144361676047
0.06112836636049934
0.5088866406617252
0.6258088198911792
1.4208418328574366
1.1216424349999192
0.3717242882146383
0.6489937232543709
1.4922267332217332
0.6465113927266232
0.4353031059102687
3.872265375093539
0.18523487159921315
1.3781373491391318
0.21271253067542115
0.027338434951665058
2.593975943815132
2.305952650854466
2.540006112189399
0.10321176956087764
0.9739827945341566
1.828932483801947
0.15228053943515932
0.4045982416413478
1.026080530487257
0.9069462962866448
1.1203918591968336
0.8188654174026248
0.9544597454380965
0.25256099447201324
0.6475402702645494
0.3907083981812814
0.7675617190114248
0.882688222964955
0.6035335880663752
5.65103311071306
2.2954251936199133
0.3878889106556098
4.052802262473497
2.743394962194592
0.249297445952473
2.3253588179019236
1.7200398452730508
0.6495857662843353
0.357198209491037
1.8236830371521697
1.2704044242902615
0.5823552681406376
2.0258754546554583
0.415423613776652
0.13909625108540194
0.4574712147378065
1.3977750129410578
0.029872436839389907
0.5395663292919272
0.8754671212940112
0.11736101157698355
0.9114952740637676
0.9750655785893401
4.745041375577284
1.9405428689455153
0.6840494645672968
1.9156042096259833
0.8185701006272903
1.7144187539288647
1.6411066801285927
0.6330023136998658
0.44441337690878013
0.21865151187245338
1.8657496421729944
2.8157418521812314
1.9139006900561344
1.3314331858697206
0.014468248361319146
0.05364285825392467
0.5319355777774465
1.2187943598498157
0.005887684689749474
0.1275333755841137
0.35631567491252164
0.4806041785024784
0.19240291393036055
0.5621432605349036
0.38540449036493035
1.2663985848170434
1.7605235283296539
1.560269870537869
1.0545122370358584
0.5598604195927775
0.37624405681112916
1.1074392687073114
1.3595629635965143
1.0472426997060436
0.11510609653344855
1.3155274425713048
1.3204373725981395
0.33046086727949037
0.1901901126541044
0.1526229556257784
0.017194289325874544
0.30094756499967185
0.11192590323856895
0.03266031305445308
0.5505991309938445
0.907423596707424
0.4022865185965936
0.662850155916008
0.5950565157998433
0.6008925352106432
0.622734017009089
2.8064506100483397
0.0052370109145266335
0.03247692270640869
0.04267258574135501
1.0688513460583662
1.2987973685838157
1.6339598351095757
0.7189207332631166
0.05314448989261012
0.03705690777417804
1.7255580539121735
1.4715795312629356
0.4954290184351941
0.20486110177460373
0.445143522960759
0.7879136537412975
0.7716193834903186
2.0141692330129883
2.780980000042899
1.5907536949892733
3.2892879279045433
0.22464638043616214
1.5331883835899767
0.16465843553632303
0.5056422381771191
0.15336331212968574
4.037818197671349
0.9711150335910117
0.4399294652967301
1.8383041259311828
0.1322478279856776
1.2513675493286032
1.5381536526575132
0.24699078087171852
2.941163969908149
0.11999324796456666
0.13182219934316616
0.6390755134586381
0.21878145887873454
0.9884602963946951
0.628788557562331
1.2187371243027003
0.8415602109342801
0.025565192148599297
1.1790857619375623
0.02931558244770038
0.20151025782766657
0.4616223295871005
0.1757834149758937
1.155895037142187
0.22865770324027263
0.050053325406339284
0.20194029846406486
5.617414352945849
1.542757483673453
0.8202722821126911
1.419918992534552
1.1391524164519518
1.5182770684808444
1.4690493525504327
2.179080136864032
1.2356897344673938
0.01606386125883469
0.12087102775683026
2.9636613039971036
3.545235064499719
1.1528199046832757
0.5672667794280397
2.879369788255686
0.06808751109253676
3.0611707415677856
2.2709684366954157
1.10670774243526
1.198792331407953
0.021234994760067776
0.48682440124626514
2.6506294228554306
2.5569713074548694
0.444688381828117
0.5348696639567192
1.7046517281278573
0.16562412451863948
0.20267545870572218
0.3210175514042418
0.17909369703695713
0.21164284332389932
0.4959329098460062
3.0349915053792738
0.5529139853625072
0.3491085948805557
3.3740966247312714
0.3451546353741202
2.2616036753152864
1.073831601792025
0.060909171111110647
0.7320772758913443
1.0930721503160585
0.8429581443730676
4.047964204729951
0.5841119126254396
1.4967199998408038
1.9873817065966035
0.04531829714522159
1.1032442879615014
3.3664300841972103
0.025912074292705513
0.6528522897910016
1.0761151851722164
0.07940919754445386
3.348523650676126
0.07080351166836704
0.30939159774289365
0.609950806382639
1.2758611278623506
0.0818284107084036
0.8317201891468781
0.20993089256014838
3.57908770034387
0.8173130607417802
0.09818899682234751
1.708844904121849
0.42309013561745745
1.2008766038502026
1.9809036376342608
0.5461343404364389
0.3187137061319715
0.42034029627962416
2.260343076402341
1.3507463362464398
2.557170281474958
1.1565812754647333
0.9076404529350068
1.1229349001713134
1.3437513318340133
0.36639228974870486
0.6639993108790703
0.558886351352684
0.2051120850815175
0.8675433580165024
2.1196689756092097
0.15943732536849012
2.1465548851260112
2.647368294938782
0.002732323788502699
0.6068339785081732
0.7441132964485218
1.3605538004673725
2.557804435459414
0.046028663062336335
1.4769233397110495
1.0184746534486488
1.1807321036743161
4.4802646088146165
0.726043018201656
0.781076844881766
0.7123346082552642
2.70846038045244
0.0045879286211269925
1.1259118369742764
3.0051794067174087
1.7875412464836766
2.3928239516973986
0.04696600488903683
1.1425599856743338
0.9367705005006034
0.20305444867261366
0.5592337439833888
0.4971788901157941
2.958973884634534
1.0276806987601423
0.026010434730586215
0.293554106608975
0.322697579589922
3.6187583323774146
0.42153649677368965
0.20314064951046898
0.7795803174746558
4.77832310842496
0.26923431185515345
0.8041040797301421
5.912692221073447
2.0654103505200743
2.1205187223157127
0.10168287401569989
0.6779374212347016
0.8640480691380926
0.783936309814831
0.3036040501419456
0.8021367894536517
0.6745063561344482
2.99266292526284
0.39904281796002145
0.4198668415722557
1.152976026862308
0.19940458805295647
0.4367217426252004
0.0030990598421392467
0.8281655488296753
0.5906918443377143
1.5563795227693802
5.128674719196483
0.46548832426323294
0.3814963541348951
0.43906160516307247
0.6867172131615717
2.553363924399409
0.3291998624534418
0.645364958632269
0.25215225912727995
1.053945172635282
2.9857668613492367
0.07840951211205685
0.2516573449233202
0.43587210203873666
1.6445993361999944
0.6945829431552503
0.7156979155229941
0.9312041769982616
0.19264729151207974
0.668111233024928
1.198509921990637
0.6945766502777326
0.5142515421793498
0.014445413474238033
0.5310544103398454
3.4048363038380027
0.2911819649302978
0.5109343704347405
1.4043720367703345
0.08253899297104135
2.8953057106707747
0.19689868764894117
0.6796396442123986
2.2950644562506355
0.6541156128972673
0.8510715593961213
0.8692328491139956
0.021472216613512427
0.04081312810267845
0.01790760836166423
0.2667008400732881
0.8070835544830214
0.2530887067444317
0.7246789638480474
0.051173320174406345
0.8026855084381905
3.1004793126165158
0.5542080321765046
0.40806479651824684
1.3112201712606213
0.0036731819408997142
1.0576043765810972
1.0231363093856667
0.8051008907897276
0.5216899506580658
0.798675869547886
0.4542467857849375
1.3710184523495879
2.1016419171342844
1.202115391795372
0.01859084070268471
1.2925209139957525
1.7825364952980705
0.49928548007939205
1.814136058887924
0.21762782084511054
0.7295838666794403
0.19931176819738278
0.21586451658587125
0.6568452554757271
1.0177055046768517
1.9836417236376636
3.2640409444861804
0.30588145826565544
0.618952536291635
0.5358649871174576
2.9524962406181015
0.052054306419151486
0.8362480420016846
5.226386564886134
1.6430113047740726
0.05255299266245087
1.8669449437881003
3.9995871587088496
0.5978331015236646
0.7884148595759862
1.38763727304417
1.3349431912788667
0.7493183565193835
1.156053010455496
2.0044006305585484
0.1040112155790558
2.758323923847352
0.4487101266301507
0.24425221239587042
0.1909972145160322
0.5571456341564139
0.16317103019733697
1.5976958417844307
0.8737984397614988
0.17989605643757553
0.25433860616350823
1.4312242322262345
0.032496267448250155
0.8880465570811089
1.9674144978291022
2.9991747259710033
1.4447400488820346
1.069346432700812
0.4155586834704925
0.5878369617362923
1.1977357904380401
0.07556908624428543
0.08011612305038546
0.6102133638521289
0.6859379194418828
1.5705235986663644
0.36681663455958247
0.03023225966281113
1.215598717078167
2.0859115223825078
4.0771322455479435
0.23224357427898562
0.30031363656832694
2.7941339791670496
1.9249602284042469
2.424321902557275
0.7894535684959372
0.5322216097852828
1.1614880345036798
0.3685682311460712
0.6815877105007672
0.8196873375894967
0.049063687135646794
0.34302127566127766
0.8101506885991642
0.6042424933684126
1.1527154521324163
1.4300563843910907
0.12019903862122167
0.27411532257522203
0.27224808118589866
1.0246309338855608
4.9322997906633725
0.06171700514292105
0.514099922518404
0.2808517865848802
1.8314667202692465
0.8544262030978897
0.5290788645187535
1.3566107658325859
0.5847015613197014
1.0624378008696025
1.727726380280292
0.6987791090468122
0.6711158507439343
3.8126440064324605
0.547558871735705
0.5602385470939324
0.3443464699705987
0.19027427174683167
1.6812406977259704
1.35539914966746
0.03773970165932764
1.7215019432229373
1.0548839464984883
0.04738416049451409
2.1442963307862937
1.3200613254340046
6.2048927653519055
0.3262178411560226
0.8220812560036876
0.45591322333929013
4.763901247681559
0.9837916464704427
0.9732656643265842
0.4077304611972534
2.102961513727038
0.789798993902945
0.15617672047332348
0.522363623900408
1.013892602116246
0.11964063442405395
2.6091183307070955
1.4064854009370884
4.568315431693384
1.442647928538881
1.5381735110215955
1.7968073128178828
0.2558430078813835
0.29413501882871584
1.0886618043094631
0.6454449235458869
0.15725531239291676
0.10360817771661424
0.0744722410983462
0.5928580973899645
2.0455772965315324
2.4108871147129234
0.6448837402974205
1.109077315566688
0.46373262163424195
2.0839531242695166
1.5812720429984735
1.0753820553270008
0.8180635784374427
1.3344846487235011
0.9039904707056239
2.482284323330933
1.5909173393122382
0.05220322109868314
0.8571275415789592
0.003072825651286023
0.4913144889386329
1.0145082132869514
0.06702878640063696
0.40396010990389714
0.019812286672769294
0.19598070065287307
0.3637282590590495
1.8324005077841896
0.6087211978091309
0.9040801497174399
5.050782797868414
0.6712237386167764
1.1463954795238467
1.5264238744414511
0.2674678424051
0.06395477502203757
0.48338118593176377
0.031889407136258
1.2978869719186623
1.2421003598605065
2.1239976336348265
0.2708951598099518
2.5856346568695243
0.10937601337568006
0.48761692516079524
2.430348761280366
1.1293415824015192
1.2724468221027092
0.8464043149132671
3.411377560321088
1.1994111607077842
1.6398997541719826
2.071230449412493
0.9456298165057277
0.03233180952637917
1.8072317006667686
0.3840320429332532
0.40400479168061204
0.47321420213734233
0.306751070117918
1.377665333031414
0.07537225215694068
0.8760966085551269
0.5562464875872098
1.0669696685062169
1.4349255272140036
0.1887018448893985
0.3418060077918399
0.018643977735084135
2.116016418489671
0.33361333274884747
2.7526017354634917
0.17511203108653853
1.5348429113495856
2.574437095520569
1.6263740415338408
0.8901291555385429
0.7276307278704227
0.009035995622707477
1.2226099812577509
2.214309493402497
2.6169974749423837
3.7992045563233803
1.481470520621396
0.32996151567175847
0.6705771914170955
1.7141296007366669
5.17591687908813
0.2727686880005766
1.5643264980645488
2.195719198612492
0.2299675651367991
1.2174430231632516
1.1639908233168863
0.10617208746660001
1.4877900466878247
0.1674182276679801
0.9282436577280945
0.40466872934056203
0.8066150632007761
0.08292415267086392
3.7999352926087204
0.9825530080098815
1.1469446605365832
1.1010103097401722
3.7715931158350164
1.0274231655634387
0.3801411118163998
0.09822671603858386
0.040605317376725084
0.1214697671796716
1.2486311328722883
0.5886984202145333
0.2776242912791616
0.2232349244449335
0.5707891556984029
0.2878080650285356
0.44731762117908686
0.12312476337811049
2.1795278291845
1.0258760578961243
0.7736219488186917
0.5440420253761249
0.22503064044921114
1.8375772096695548
0.07058053491801429
2.6249964272979716
2.9479992044780614
1.0423268487096093
0.5458160078289784
0.06490696032458705
3.719710624508787
0.8937590515071338
0.12343751780172098
0.5017068708274527
0.3579338398041133
1.3099397476461163
1.3376055208126092
0.165263406312215
1.6896002641636325
2.6866237505703565
1.0471217277966218
2.2644736067406392
1.0231970682769862
3.17014034702426
0.26501836252224925
0.4872493778048179
0.592551773056886
0.10723366139225253
0.45363665215545285
0.13866815797177
0.9052152369616591
1.2403734356667215
0.047667908091373445
0.04522067420703512
0.7350686816370224
0.2149350501915487
1.0669074044769549
0.09160259772412417
0.3279411765727064
1.4545258938340322
0.43640090008134186
1.4890869837864873
1.6328141618231748
1.1279615773385363
2.2562129926820425
0.552920391160731
1.8728502596519592
0.7448566072559517
3.431714236697084
1.106800693524508
1.8349408906703915
0.24024487659987082
1.179909608719415
0.9687561042216152
2.5774498162881105
0.05098071512810526
1.708591068590918
1.0393055447162616
1.9081639896827673
7.299799087962551
1.4486919334739274
0.6863978625967478
0.5065008923695419
3.027035220087703
0.31591645523837225
0.01738728208653133
0.193917103649274
0.7638042520054159
0.866735905893516
0.18416355735239284
0.36796683009091524
2.2041033433954658
0.8752453161325993
0.9048398579920078
1.434254090794486
0.05526439423989142
0.032469026749579175
1.262969525281004
0.9364861878347974
2.1758796741830224
0.9626250519058384
0.1152950054589881
0.2802140156653976
1.626068295802646
0.8644539406624393
0.5632083880638847
0.16135991776755923
0.18447435684171734
2.4168437008590273
0.6839112974321586
0.6163857157707051
0.9933551585185765
2.9196103256496437
3.4990662748422294
0.7912131761055861
0.5520675306401319
0.320087238985397
1.0096138986527636
0.7382663829221937
1.193451402729301
1.2276559951302675
2.105784296855117
1.4332671884521362
4.464034009222571
1.103140472323501
2.554998889650475
0.8819562823083725
2.49092234065856
0.1463910279371369
3.2868791691516717
0.004241248140621925
1.36738821408322
5.020609340179931
0.5026668467841505
1.6411307368336012
4.322766156133062
3.3352614883518683
0.11846436814924685
1.1402334515769117
0.4178100728468421
1.0707208577261103
4.401221226137866
0.41223134674563794
3.0730802988507704
0.3276305394615228
1.3048680347183321
0.6177002125200536
2.2408752171284183
2.225544522298413
0.04124719818994432
1.3760158129102371
0.027185893486018742
2.897750226807658
0.6345694399831222
1.45695980110898
0.7286308833478178
0.519608565576041
0.5921562894323598
5.86259938045329
0.3884841744846846
3.5705609572018537
0.6099679053855166
0.35193615618233093
0.6775400054948411
3.083259562412175
0.572063477670258
2.263636478250223
1.0078761997540022
1.5818266088400812
1.2069569963720967
0.5519497914007778
0.8387897207224992
1.9363421828204366
0.28075558753267427
0.10698008891862659
0.4731440241817351
0.3106944333372059
0.9770665853822774
0.936110306707911
0.09649090012519546
0.22684495121988738
0.5158481225554081
1.2098457404128844
0.7448632964450398
1.9568281790424766
0.07945671935065968
0.0326380807173362
1.846920629970666
1.1636046636807904
0.8930945088897196
0.7562572240735874
0.6509506321770063
3.735240818200925
0.07364974395427688
0.5000497070956296
0.49289352919071483
0.15663099969996844
0.2353803653747516
0.43952516759656063
5.839419739371043
0.909855239052711
0.6001059126493401
3.397330337693842
0.48101099216219917
2.071737852104631
0.08694792810109818
7.105827644544124
0.20252231513271324
0.3488264041619726
0.021861333320524104
2.1004622288116828
0.08943727710085962
0.10619135869157444
0.17997748448097128
0.9804518872999108
0.9053335877536439
1.0955899136151062
0.27565413036119674
0.108265395196866
1.8236286227422676
0.35368193958886784
2.6608128283984915
1.2407767291384744
0.07094423713252933
0.7111972701255984
0.7826292881158444
0.20051958005439027
0.02062464794992996
0.14236800188631163
0.6351046400739655
0.1309804289381362
0.17592210300216052
1.7492859903879583
1.6579781517076482
0.8123983611043057
0.038732690680237075
2.8800771672872436
1.0560750913534762
1.3171175120790588
2.3329058974667314
2.149116094161017
1.0676372533535443
0.34309694464705337
0.26294731100718327
3.0522917047304965
0.3195153128614766
0.9355875792685917
0.051733351365164285
0.940707837606336
3.3462555711520667
0.26138902450442364
1.5860207691928427
0.41867331563297844
0.8095939846459695
0.29245039932719386
1.0052175732568824
0.6188148433192656
0.49473692042025547
2.4291571883389365
1.7557624893844115
0.1613615028434875
0.3061064365621122
0.177051974469385
0.28037534049303414
0.6551229287041157
0.8829222567956722
0.985977402985508
0.30655093450554805
0.2324365821622589
0.11121028650128664
0.30437949255292346
0.3598196388328095
1.9391815071452845
0.11468654473065192
1.3853726105294162
0.39322661022976413
0.7154469913740957
0.5390938360675908
2.5185437354285725
0.8889121033854519
1.454974715202314
0.26056036538458316
0.09709608617917737
0.23712726978434098
0.317783118282246
0.6690455085891711
0.4624856939904294
4.703821774051698
0.4811381234968648
2.216616886592105
1.460726834386397
0.9011897520650902
0.327300321945231
0.551385363946305
0.48746872600751534
1.7208520868296568
0.43311431070484574
0.22319273597745615
0.15550616378638857
1.036731361339613
0.6170136020678338
0.3375731492094806
1.0455089812796645
1.4148011273033698
0.8945863871931703
0.04584143075150209
0.481932294756308
0.5799871107243695
0.15821408202199974
1.1326188566485047
2.14591564531066
0.10993558549339631
0.6051383980390732
0.3998404939607324
2.551831417429303
1.258228808995775
1.85114315182321
1.0277067767079242
0.62322117571418
0.14538554182152122
1.0114463290874367
1.1456589471247391
1.0105251491699088
1.1040472249350515
1.1147589663566257
0.03380627012730988
0.4410620063244151
3.6838365012183076
5.901267147924627
0.7000795032103336
4.510085329900304
0.4195282545452363
0.35438180556731547
0.3671977479988744
0.17085466885968228
0.5682252037840733
0.029999755891272413
0.25397437692002495
0.558422748623407
0.11000754794790674
0.23015499380751991
0.5075563346805695
2.916472457185545
0.6160829417884286
2.426740115471329
1.7644431518752757
1.2012884154851382
0.28661097813370534
0.8417782184727489
0.7686541878064835
1.1799486956116465
1.1237594267863027
1.5892172680455543
0.3173906816345057
0.16336825255558263
0.7031592931746375
0.8178211628050037
0.8008898223004428
2.86309893597507
1.3374271741801773
1.0650913576822807
1.7426418356986746
0.5615189244402304
0.41856371594122044
0.29016973575378735
1.7277059485992463
0.16358921462815967
0.24769538676902145
3.5357475676869585
1.2775203708529572
1.5696050819843188
0.8623114086694973
0.13962932421176572
3.485816175988473
0.9361989466020436
0.4207701560958745
0.11470853997054423
0.10034881367848814
0.1110882199665639
0.0988590794915948
2.922237431295122
2.9294561715069736
0.2962319428259326
1.0569654967686382
1.9922772930051045
0.35091998987511963
0.10923278866685136
5.395437122822932
0.412665068582313
0.20259020741026007
0.37507978637795913
1.8872561518830482
0.37313433701931265
1.0042206505320106
2.866160770972203
0.4597275323317661
0.08220358661891815
0.5623549518196655
1.3369342997081988
0.2550458399961871
0.8127987999006063
0.018195259654642897
1.0409160037714693
0.9498050609076368
1.2137532737394627
1.4156747212202212
1.1686628038323297
0.1525420143921572
3.7273096804195736
0.165075401340669
0.17847451938492992
0.5326730707036903
0.5428560738926874
0.7098437317731914
0.1711424877425996
0.08616388512893806
0.2363362221517676
0.31573977023155936
1.8187702220875206
3.18907462415425
0.013078932903757608
1.9004205437919683
0.7951039556436554
0.3827217679192748
0.3210341969985158
1.5397034384449424
1.2247972093053667
0.7074133902895969
1.1493464380589131
0.3374883185772967
0.031223315648837967
0.1266819696173209
0.6299098950483345
2.8636487582030363
1.2768416925958217
0.07018665523255904
0.7046395901800403
0.08641655666976455
0.1807443862325907
0.6297297867480215
3.7025891011506267
3.0222391485875577
